	UNKGMB37	UNKGMB10	UNKGMB19	UNKGMB7	UNKGMB6	UNKGMB38	LSGMB16	UNKGMB5	UNKGMB24	UNKGMB26	LSGMB10	UNKGMB28	RSGMB3	LFGMB1	RSGMB4	UNKGMB36	RSGMB5	UNKGMB12	G12MB13	UNKGMB25	RSGMB6	G12MB10	UNKGMB30	UNKGMB14	UNKGMB13	G2MB7	UNKGMB8	G12MB2	AGMB6	UNKGMB21	G12MB17	G2MB14	LSGMB14	G12MB7	LSGMB11	UNKGMB34	UNKGMB20	G2MB6	RSGMB7	LSGMB15	UNKGMB27	UNKGMB29	RSGMB1	URGMB11	G2MB12	LSGMB13	URGMB13	URGMB12	LSGMB20	UNKGMB33	LSGMB1	LSGMB17	G2MB9	G2MB11	URGMB2	G2MB3	URGMB5	G12MB3	G2MB13	G12MB11	G2MB10	G12MB4	URGMB4	URGMB6	G12MB1	G2MB15	URGMB14	AGMB2	AGMB7	UNKGMB35	URGMB3	LSGMB19	FRCMB4	AGMB1	FRCMB1	UNKGMB18	UNKGMB23	UNKGMB17	AGMB5	UNKGMB22	UNKGMB4	UNKGMB15	G12MB5	G2MB4	UNKGMB9	G2MB8	G2MB2	UNKGMB11	URGMB8	URGMB7	G12MB9	URGMB9	AGMB3	G12MB6	FRCMB2	FRCMB3	AGMB4	URGMB1	FRCMB5	G2MB1
UNKGMB37	0.0	0.3806329688148046	0.3703706498323364	0.38274644904287813	0.3498122614039455	0.3732334462191598	0.3365325444169556	0.3878482226842452	0.3717897050727995	0.3709634465016489	0.3678799547695096	0.3586845658463099	0.3620359437659287	0.380155457316196	0.3920104288003228	0.34666715908195034	0.42327820125798654	0.3863632888323111	0.7200848601763353	0.3853965295807103	0.40296478371611133	0.6967639971313777	0.328840847397061	0.3757933765183123	0.3849905373740876	0.7407633701484587	0.3870297901075155	0.7149192496006703	0.7020796959861184	0.3480334706590376	0.716632885461553	0.7056416932119144	0.3511606419493919	0.7288125727435882	0.41440343796482104	0.3209587725104448	0.3509108746497367	0.7007685878512444	0.39981921389256747	0.3353648496200348	0.36911743011688275	0.3535399147143357	0.4158241062116238	0.7382676943582525	0.7221535806571344	0.352921410420874	0.7251989951547924	0.6980477149888147	0.3527977737604763	0.3688968377718135	0.3900742069711103	0.355148415176756	0.694048824594832	0.6989516030953852	0.7069520421671457	0.7122180960781012	0.7040659940365225	0.7311928294920927	0.7116122513396435	0.7057042180773088	0.722356311207929	0.7289305299475016	0.7076857385340866	0.7224131602303858	0.74796480206612	0.693746679376524	0.7002593773714288	0.692021290913266	0.6991005672147673	0.34287316375321736	0.715348902413328	0.36889951211293703	0.7924311135559371	0.7480998486119845	0.740095900082753	0.3717845584603484	0.3732095129363457	0.3753382892381063	0.7010704797500406	0.3647837305690142	0.39485761861647206	0.38569803176734685	0.6997917470455246	0.6807777048136753	0.3558708257622233	0.7219751316915393	0.7071433267576256	0.3758720509686723	0.7148509382363459	0.7268412874689615	0.6849073338056533	0.7083613238695959	0.7061172801130293	0.6948733341624458	0.8359357797342859	0.7967501760059559	0.6954176384564906	0.7150779673069909	0.732025687600697	0.7127058562820047
UNKGMB10	0.3806329688148046	0.0	0.3704288662998051	0.366904179018037	0.36007457260529524	0.38747441088757234	0.3345547181327354	0.382601011829751	0.3700377825580001	0.3791577357310212	0.34869619345036534	0.3811168324094958	0.3519009375901134	0.3811319823123681	0.36750938312175974	0.34153944742684544	0.3794016790197936	0.36275827892441775	0.7182747802204877	0.39876228516323153	0.3937936344873167	0.6987528871024693	0.36056537098288094	0.3779704480803206	0.38358045370969424	0.7419291119770498	0.3791133949054329	0.7197186498043777	0.7136903571317262	0.37625265886377113	0.707495368765543	0.7174816430250731	0.339183250060088	0.7444523743833037	0.45157576646670544	0.35992679814693196	0.3415840029480915	0.7193371236666043	0.4029457145171454	0.3311071878681668	0.3825694762221411	0.36864183256816063	0.3849767792423492	0.738099640935483	0.7134293232048804	0.3292829821356444	0.7260535764330169	0.6964971526298368	0.35577420736765875	0.3413719482136537	0.3898943331769478	0.34723539893807176	0.7175653586675051	0.7120779696167	0.711192653155509	0.7087473382895968	0.7049269382441237	0.7326689314668585	0.7128513600384015	0.7002413184381074	0.7327822424431673	0.7351640509350549	0.7202793103152114	0.7268366933611188	0.7574478766815068	0.7255163022303265	0.697536800247206	0.7024705530189395	0.7119419984626362	0.3737337049480789	0.7241063623683458	0.3842120379522747	0.8049805417237816	0.7517700256715766	0.7411184102308944	0.3417505165381127	0.3571452863540356	0.3585491447186926	0.7101529324173085	0.35017167548106637	0.3756390867754271	0.35629436995424446	0.7183519954723903	0.6991187700415367	0.35685982305013886	0.7264857599991413	0.7124363049901827	0.3251663671780357	0.7156824109657808	0.7386047244962968	0.7161550393662695	0.7193904182413409	0.7110051993762453	0.7122749005047179	0.8414159307489854	0.8104225302027934	0.7110924015811815	0.724645951282182	0.7586620162920864	0.7105077542995928
UNKGMB19	0.3703706498323364	0.3704288662998051	0.0	0.3491234219365305	0.367701163581972	0.36284872392090983	0.3578692216998205	0.3714838750528726	0.38291665385276175	0.37325890342710233	0.3464344910084562	0.38390391262827706	0.33680599749433343	0.32938838309585583	0.3765142184946374	0.34776518497062764	0.3755136291677397	0.35195772864953956	0.7023671589612966	0.4202050626949735	0.37437296595574004	0.6856339141235832	0.33105738005684476	0.36134293406446905	0.361753260856012	0.7200600132935848	0.35827362886622627	0.7007350572380533	0.7038538021933417	0.3618447175993157	0.6974485395116923	0.7136222989806099	0.3663214844414099	0.7268065351886008	0.4420709905761402	0.37740228002685355	0.36989571404538696	0.7029896981641013	0.3805840852823423	0.34570159812094464	0.3535729372177664	0.3557678768637295	0.34359737256398276	0.7226861198501492	0.7077175040485164	0.36432297978154377	0.7089279457717952	0.6767980406611208	0.3198626235943043	0.36665112353587226	0.3616395379784197	0.34752971475786026	0.6965212099049001	0.7000452718281917	0.68112924938575	0.7084549619253283	0.6884187655379548	0.7187376557635329	0.7068383847154189	0.6899107676411604	0.7203585429940627	0.7276621367246415	0.6883658688362371	0.6988454980601859	0.7452787685488352	0.6920213883654094	0.6852495918822213	0.6905954331229116	0.6988659127827949	0.34328291084277784	0.7041278570589011	0.34356716876934007	0.78939149497911	0.7352986514527482	0.7272384989964619	0.3879405195367496	0.3378473542377619	0.35842738508506683	0.6965719944875136	0.34892291717981644	0.34433520662749006	0.3380076800365063	0.7053628863327563	0.6795100460956324	0.34687989426038585	0.7122769484291959	0.7006148831584559	0.3460365132100969	0.7050554776779706	0.7130916537214034	0.69904045221014	0.6884412693835643	0.7038299133299982	0.6898995651365849	0.8334778495638643	0.8003837206170957	0.7012283712996273	0.7004698751796317	0.7221755131275298	0.6858725973477907
UNKGMB7	0.38274644904287813	0.366904179018037	0.3491234219365305	0.0	0.35882951575060196	0.34092742030155254	0.3687417455187311	0.3998050903500916	0.3840781710116291	0.38956204948098705	0.3569896687335616	0.40472984710329235	0.3588727237407871	0.32657779799755593	0.3531454377134104	0.3294786440642207	0.36938937800251265	0.36291809604579117	0.7275870734696968	0.43712086243776915	0.368746805131954	0.7115425328632836	0.3485434426937242	0.35525797932493747	0.37218865783570154	0.7289373381461529	0.3425586974277431	0.7113648950333386	0.7134503038596179	0.3564301548254874	0.7192574521722642	0.721861969897291	0.371553312199611	0.7386397994923568	0.45485090199673395	0.3674117920592567	0.3424469035592294	0.7239411835561266	0.3822664520108975	0.3284160453946712	0.3497914219417395	0.3761804350983927	0.3207325545234996	0.7351940513613662	0.7270594446524626	0.36753792070900637	0.7241652021274141	0.7123278405964224	0.32024012715265415	0.36534731834924233	0.3792901734452323	0.3456388403161625	0.7142299307697808	0.7161127475143159	0.7103901002528759	0.7157681243558276	0.7129405519285731	0.7353977139421999	0.7217015242785981	0.6993455370634721	0.7338921610575443	0.7462115038067975	0.7218520288478025	0.7272980988495101	0.7586220084620643	0.711324319115128	0.7131535207573592	0.7041856959274105	0.7004230722711585	0.34833711298453707	0.7268750578102453	0.33394497668089296	0.8013384638637471	0.7536788050292633	0.7392349105420634	0.41198213268600004	0.3537592399639088	0.3669733342668807	0.7148255501016447	0.3443700701599963	0.3528242274220442	0.31605929136736777	0.723390012327492	0.704266285213024	0.3271705273765194	0.7270927262646424	0.7247110026412478	0.33737086801502447	0.7263591952111198	0.7321611708699646	0.7161005367121165	0.7159164583244425	0.7248390104749514	0.7120170649822781	0.8399179147036876	0.793726933809053	0.7143564840760319	0.7200445197203702	0.7376312071985107	0.711027810714732
UNKGMB6	0.3498122614039455	0.36007457260529524	0.367701163581972	0.35882951575060196	0.0	0.36213615022848583	0.35292642391080703	0.3577607987886955	0.3779378573146834	0.3745483299908852	0.3824576069562535	0.38976484983197246	0.36855158959248724	0.38514821603303406	0.38274183706541987	0.36134061731155176	0.4036826136193002	0.38046101769688	0.7061114426203845	0.39609028735019736	0.37736247453492144	0.700625151718284	0.35596897872697275	0.37600962624517065	0.37593627377239247	0.7278336576012585	0.3641607027374171	0.712222017713811	0.7153706186446118	0.3662400783235408	0.6937515248443992	0.7106945082627623	0.3487269000176171	0.7300465140728464	0.44617403026228825	0.35730301912962237	0.3705063262176599	0.7035390106462377	0.3952013401602796	0.3416216025003199	0.36468950289653307	0.3735724708870532	0.39730754128224044	0.7316379342288025	0.711644196059224	0.36234180268444355	0.7111394264382129	0.6849357661626897	0.36084678559758154	0.3632791379402126	0.39620693495478954	0.3536425329272485	0.7017040392517289	0.7089995031235381	0.6973068349912737	0.7065213896195647	0.6948566527775988	0.7231006120495063	0.7063816417107033	0.6882148783888549	0.7099003408892526	0.7257757494451771	0.6924535099356744	0.7152759580939785	0.7507216397706097	0.6978473236656347	0.6909292714633724	0.6953156992808922	0.7043386201834863	0.3509827462863002	0.7082190065956357	0.37894478924202035	0.8026579000914429	0.7393115165725167	0.7408710496486391	0.371204449735592	0.3769512241799816	0.37759977014089335	0.706070055429567	0.3753614741991537	0.37566351815292526	0.3668360319465077	0.7017205271653708	0.6781889881346436	0.34214331696182276	0.706085953166808	0.7062229861625415	0.3495931034784832	0.6989799995750885	0.7282562092840423	0.690455628558387	0.6948551056859685	0.706197783818937	0.6904227749377362	0.8372753255681011	0.7993133059011214	0.6981221157056868	0.7013252180245129	0.7350499695410224	0.7032878632686133
UNKGMB38	0.3732334462191598	0.38747441088757234	0.36284872392090983	0.34092742030155254	0.36213615022848583	0.0	0.36918471200184555	0.41031395722213204	0.3963247144287568	0.36378741025795436	0.3809645844628496	0.443775611444259	0.37406437967719364	0.3631641378033506	0.3630640382525318	0.36703423073997565	0.3984062015644195	0.3628497898664751	0.721017386678051	0.45499580634767145	0.3816856357195249	0.7104703699845056	0.3617585010137116	0.39266436262985566	0.3703441233089973	0.7402581519346763	0.348517476963493	0.7226648543133842	0.706222797733827	0.38458646668333	0.7132657470928936	0.7341856880155195	0.38685438923867926	0.7366224490949926	0.478494497357229	0.3587274995677135	0.39583656109481197	0.7167065308383084	0.38742054039491025	0.37306619061206686	0.366299657691577	0.37575808491658885	0.3838953523618652	0.74439993701672	0.7286432337275831	0.40462055571038663	0.7269299346878061	0.70202311163303	0.3337941803780707	0.37947313712586067	0.3919172145576792	0.36219167190102175	0.7172054546412361	0.7197725279010639	0.6974552134050407	0.7182703684372311	0.7155982544466747	0.7309256073364524	0.7164211487800803	0.71082235924816	0.7355700837676218	0.7429549353476034	0.711539691321106	0.7281887751444461	0.763279005531262	0.7197365759105709	0.7037938964017494	0.7001440486242339	0.7016822252791308	0.3454458968647264	0.7178344698453506	0.35257699784038055	0.8084684164555641	0.7566032663455371	0.7430076649572179	0.41959161240788506	0.36120959935298486	0.39126812165562763	0.7153833295035644	0.37194893141305196	0.37460497272921606	0.32883739331092465	0.7232649375606865	0.699303980742501	0.3263481287697286	0.7272648957711441	0.7237830728068736	0.35997975100560947	0.709151002879421	0.7320139463259231	0.713259219956156	0.7040512863465849	0.716301271029466	0.7022030992820426	0.8373621359828961	0.8057880172992355	0.7200253681417501	0.7132001221599115	0.744144131411339	0.7185781867260523
LSGMB16	0.3365325444169556	0.3345547181327354	0.3578692216998205	0.3687417455187311	0.35292642391080703	0.36918471200184555	0.0	0.38618086387037626	0.34390907411389504	0.3551025219785097	0.3605319882702957	0.3514855191591689	0.3514932873327722	0.36368909770527663	0.36015282914111113	0.3303775046166996	0.37768013807309675	0.37310345716445137	0.7141962936710513	0.37000803870077126	0.39020696679492356	0.7006212984470896	0.32016587963283294	0.37815481700260234	0.38307268169672065	0.7458232603204715	0.3748530781328338	0.7212619026822448	0.7068214316997288	0.3255545401687278	0.7146283017756698	0.7185676598636901	0.29960172969990617	0.7440082582125429	0.4218406179632784	0.3266926241976578	0.3066667959396255	0.7263547258742086	0.38724673880404026	0.28936258253570796	0.3455683126187338	0.33600626716411286	0.3980162751331812	0.7352514583956102	0.7130824570237491	0.33355038981088925	0.7255522925501551	0.6974818687568424	0.3434842486455121	0.33829278413020025	0.36132033762345933	0.3157805919474341	0.7213685933771398	0.7124024219645911	0.7119565915311072	0.7166716669951273	0.7029377655767647	0.7240185380127492	0.7148492962184031	0.7075379492026808	0.7358192704436636	0.7319873425037123	0.7201007022547925	0.7240054917766805	0.762760965612257	0.7242476675587627	0.6990624421948725	0.703955066099051	0.7138569111222789	0.32947100648312666	0.7101322352604449	0.34530307502361424	0.8131639155352346	0.7550483314620283	0.7485118503104993	0.3499736559176492	0.3282514187770992	0.3452820434797477	0.7175861968675346	0.3469909171100755	0.3719927956145094	0.36517478963341327	0.7162939322444328	0.6941312763002154	0.3631574674873035	0.7258012151186937	0.716290309413277	0.36553635522499694	0.7132984585855243	0.7316158506217219	0.7060231408627048	0.7159427704331693	0.7183238969073107	0.7193561330428896	0.8505937193528191	0.80700781715585	0.7063072653465662	0.7203383546248109	0.7474852130186808	0.7157178255779499
UNKGMB5	0.3878482226842452	0.382601011829751	0.3714838750528726	0.3998050903500916	0.3577607987886955	0.41031395722213204	0.38618086387037626	0.0	0.41769261900982024	0.4035189508796825	0.38140765509182356	0.43507645786304944	0.350765721950804	0.4074113291891723	0.3953738874531985	0.39661321850390113	0.40405742383241056	0.3739897181453947	0.6852615643870573	0.39843425436215596	0.4244009062534092	0.6907813123242006	0.3966808540385693	0.3774022625705859	0.37383014135838594	0.7229813173827431	0.38650297360668145	0.7001910025175948	0.7003375325125828	0.40519742792706376	0.6950078434593366	0.7121930069248591	0.4061414466966154	0.7219759552138434	0.46383900919823384	0.38779215315934606	0.4174285606333598	0.7061802608566264	0.43057533614409566	0.39154119221505623	0.42206798529369777	0.41878373823468484	0.391560279203158	0.7276941810838603	0.7002567090259086	0.3662619680385228	0.7079436363838912	0.6797096908834167	0.39003470591012246	0.3816422120017514	0.41611715063775684	0.39530292269409145	0.6991569476970458	0.6999573246115042	0.6840097600546288	0.6970441089950715	0.6906386663340734	0.7172243066320119	0.7020641327982834	0.6946494627131229	0.7126336880532552	0.7284356822824106	0.698543622974024	0.706169069449352	0.7410134781709836	0.6972081305078949	0.6826259370635607	0.6925604955941134	0.6993302903795064	0.4087337372537331	0.7069120408755311	0.4119241613746903	0.7984755084634167	0.7333562665785943	0.7273488995100983	0.344941631179279	0.41606373677431824	0.3887302575297743	0.7027900586046235	0.41346288482541427	0.366759621465055	0.4061001571414919	0.6933285912539565	0.6714214667650186	0.4028378723313562	0.7055287744521153	0.7005098859947373	0.3999117778616701	0.7054355943456012	0.7193212870257214	0.6915770473646057	0.7002296632597077	0.7008023647652403	0.6901619617027835	0.8208096035014899	0.7911826359590529	0.6812784302037647	0.7021235651980333	0.7284920785706711	0.6963564018489984
UNKGMB24	0.3717897050727995	0.3700377825580001	0.38291665385276175	0.3840781710116291	0.3779378573146834	0.3963247144287568	0.34390907411389504	0.41769261900982024	0.0	0.33784646428611054	0.38537106722143566	0.3658115428204966	0.3780713907210145	0.3955600125342951	0.3978848926733097	0.3509612902813536	0.4161719562986961	0.3934276275985337	0.7229485762141149	0.39524550215600146	0.3794267076987186	0.7074984531972234	0.34064803127355275	0.41865826498295067	0.41743855216609027	0.7437985870161491	0.41177008049464675	0.7209961519824141	0.7168191818954407	0.35082004127518407	0.7201682688140859	0.7285956094173035	0.3511429073056057	0.7487688519664882	0.4064424330623338	0.35982516857323876	0.3463647496853788	0.7216267170141515	0.40560859544937866	0.33771192237041214	0.37600931879456223	0.34370697417291446	0.44184975055773684	0.7350648436912585	0.72200856936456	0.38729046522114857	0.724022855722234	0.7028967888279847	0.3815336838356671	0.34843074353435183	0.3734105820794107	0.35920415273267037	0.7124670497956067	0.715182415441123	0.7081467402414169	0.7224043262731453	0.7077071801148123	0.7357778920801856	0.715740502079027	0.704345852369921	0.7370300967475424	0.7454072895656264	0.7141945319825863	0.7166736040856364	0.7617205328625419	0.7185639496050762	0.7041332089555162	0.7093532448653544	0.7083783573305731	0.35380421680563356	0.7186114950174437	0.3999815581333056	0.7997328192466231	0.7563725750541416	0.7447803677296948	0.38864918755572314	0.34993780290845716	0.37822403803274945	0.7087282848594899	0.3705095926050977	0.40757284415309186	0.3754848331483072	0.7240544266380917	0.6981109046825332	0.37770071522542403	0.7258191936814381	0.7246381958348228	0.38556452041014144	0.7192618273916873	0.7325568926107394	0.7161018767649687	0.7056213598966616	0.7181224306155743	0.7113137385920406	0.832592715127191	0.7972285233638337	0.7111624888003192	0.7133943986655139	0.7396080499199311	0.7143489596085967
UNKGMB26	0.3709634465016489	0.3791577357310212	0.37325890342710233	0.38956204948098705	0.3745483299908852	0.36378741025795436	0.3551025219785097	0.4035189508796825	0.33784646428611054	0.0	0.40142702037921935	0.3750468727528132	0.37541719942895624	0.39067282045064916	0.37794514544884095	0.37017574090951455	0.4068615721814531	0.39513704463589594	0.721646158474968	0.41075390795234246	0.3846984731189934	0.7112822958698606	0.35028403705959177	0.3995657026839434	0.40725193342756416	0.7452079164422863	0.38922375293838746	0.724795443775515	0.7211641934632828	0.35438547037521406	0.7180445108257463	0.7353879539406875	0.3544132420694886	0.7477078804069311	0.42989774840147515	0.3512479021708587	0.34141773369353856	0.7249720162776812	0.3986504434691418	0.3345233063968577	0.36245624035571017	0.3528413678754004	0.41310838970864316	0.7414395801199717	0.71548607491095	0.39113585841307036	0.7315767966599169	0.7013057455080604	0.3656385605078223	0.3370448843441743	0.3883329078365912	0.3526277556447674	0.7191707643772774	0.7161067449100789	0.7061476745770605	0.718907484232776	0.7051303862512461	0.7297236028322441	0.7206405099015293	0.7088823009588782	0.7386361695146084	0.7389540082946567	0.7178222120762853	0.729719703266125	0.7672726200103451	0.7232163111830735	0.7029948533060341	0.7094243658745718	0.7130082871554486	0.3457232014993384	0.7094515706194143	0.4006763317556407	0.8017186477226418	0.7550899351456267	0.7383166049333231	0.39424335578677044	0.3371769661555828	0.37980339236460225	0.7199340635417877	0.3781329314900686	0.38662199512078554	0.3619118895354381	0.7246815788812887	0.702865384569877	0.35951380841372277	0.7265825130430754	0.7160431786359056	0.3682471998750507	0.7190143516472048	0.7356519363327123	0.7178408324346518	0.7187155504994768	0.7175893498792985	0.712988321583267	0.83455637034852	0.7944195239922435	0.7144235252679064	0.7212605764276281	0.7460711509231683	0.7145364041576888
LSGMB10	0.3678799547695096	0.34869619345036534	0.3464344910084562	0.3569896687335616	0.3824576069562535	0.3809645844628496	0.3605319882702957	0.38140765509182356	0.38537106722143566	0.40142702037921935	0.0	0.4140040645818089	0.3491226912225221	0.364266363865851	0.37628345798099694	0.35223481945276275	0.3505213416533998	0.33127749119298844	0.7021747512060649	0.4285356055339089	0.38188872096895804	0.6915406384104957	0.3598327033230517	0.3213463897639687	0.3668278244690239	0.7176711682678961	0.3471811638354001	0.6972642187257263	0.6879033784685452	0.3863615670128596	0.6996218121667047	0.7031416934282664	0.38961510081648	0.7265815910190271	0.47647781002791056	0.3607490739717192	0.3746686571848249	0.7076588787000601	0.36743607343962986	0.35962994684643185	0.36916105387946746	0.39440475813905135	0.3674216246631321	0.7202406132984653	0.7054227513673096	0.35655588529132426	0.704835573874683	0.6900179707766741	0.3552723161479751	0.3599976900031938	0.3753017105357482	0.35213175601832836	0.6840545586152779	0.6854417551712677	0.6876606713495174	0.6980689209899041	0.6990633160191337	0.7172020012772882	0.6938895831628652	0.6925592155369713	0.7200114831257397	0.7183307903580859	0.705737034199757	0.7083573771374908	0.7296529641763665	0.6989646992602919	0.6853894511119306	0.6766029292155852	0.6928391658256976	0.3755157167361235	0.7072065246003781	0.36766222211637406	0.7931850570486483	0.7347694068143413	0.7303266069165492	0.373248228948065	0.36170583707969023	0.3631085144113844	0.7042769805723017	0.36017808853268	0.34967443453299063	0.3369189829503062	0.699213826824702	0.6913320544770526	0.34395698881082015	0.7092867773668887	0.7076654661359649	0.32770590925417215	0.7071031533321008	0.7191827343343962	0.6980800155240106	0.694878813163906	0.6992117815534679	0.687071909510975	0.8317156812783961	0.799297188108001	0.6968423681486873	0.7036821594943934	0.7276549345699044	0.6952679023511895
UNKGMB28	0.3586845658463099	0.3811168324094958	0.38390391262827706	0.40472984710329235	0.38976484983197246	0.443775611444259	0.3514855191591689	0.43507645786304944	0.3658115428204966	0.3750468727528132	0.4140040645818089	0.0	0.40351807347012253	0.4291508885375036	0.4170215168047078	0.37721894082061025	0.43500074633492675	0.43680236447209125	0.7339845987257846	0.36826805877065355	0.43027913169568066	0.7180992094821613	0.35802776606649317	0.4289388774261089	0.4387725467850495	0.7570264580060184	0.43700523519290063	0.7321522407235744	0.7326682285764755	0.3520574907970678	0.728681266595477	0.7313287027479963	0.36335335166846094	0.758328099554561	0.40066715272022785	0.3954918639175958	0.3521095618409163	0.729210027171392	0.446534528868979	0.35850245929316493	0.4052881083126716	0.3719155483091496	0.4595608093978983	0.7410649125536705	0.7325719100616119	0.3881413199842061	0.733943640335562	0.7076188321016288	0.4001901912315783	0.3693991192148733	0.4178712378904403	0.3761202431349963	0.721234085173664	0.7283403733527902	0.7231574197571554	0.7241714680357597	0.7140123539521119	0.7338592200916859	0.7314895515178106	0.7116131236439904	0.7459704571171762	0.7313850658839043	0.7193803592206801	0.7305118461267067	0.7571493967534811	0.7258900068120377	0.7107871049670224	0.7194836517755335	0.7252921035558163	0.36881921573852494	0.7237350401435055	0.4097578269678169	0.8173788882611697	0.7596391479026935	0.7494254452141275	0.38588149694515045	0.37373816207068156	0.3947924138942737	0.718522769391686	0.38542712955592395	0.4276964147869605	0.4211888176646399	0.7266122002755416	0.7094221489152333	0.39469667924325413	0.7346490257009212	0.7210224438637939	0.39491826219328263	0.7267972975355397	0.740654822666014	0.7160448945840321	0.7280094944849259	0.7280835518759964	0.7206290338944605	0.8280398248315736	0.8018830371884398	0.7228126984880487	0.7274658702084045	0.7480416301050324	0.7251748943158811
RSGMB3	0.3620359437659287	0.3519009375901134	0.33680599749433343	0.3588727237407871	0.36855158959248724	0.37406437967719364	0.3514932873327722	0.350765721950804	0.3780713907210145	0.37541719942895624	0.3491226912225221	0.40351807347012253	0.0	0.3706690631439707	0.3849921559455261	0.349638798395811	0.376731441413624	0.3408915511397851	0.7005275033184133	0.39422963587150744	0.3930634409404855	0.6925800257698589	0.3429299054620049	0.35881920806004886	0.3598204131239782	0.7281906846214035	0.37727725167908993	0.713934882924047	0.7026481869095015	0.37000916639794607	0.7032987973328916	0.7114816443664782	0.36740945878050185	0.7346084896609899	0.4050874470489364	0.35537128668721374	0.35784435287116834	0.7070967555294837	0.41454268165518465	0.3399163748431693	0.37617265865244504	0.35971674672837384	0.36448053014792264	0.7293081898551	0.7052267622202234	0.3288629246392296	0.7165627323320777	0.6930536342748026	0.34170625994608944	0.3522762145588863	0.39177953592351467	0.3529576743256202	0.7042536082176829	0.7092965094652431	0.695303656439026	0.709016526715865	0.6988434452852408	0.7255430067345386	0.7119996827510976	0.6914641810748132	0.727449554289446	0.7304946578776006	0.7019929238861776	0.7138694490572444	0.7410981312111515	0.7044229445218758	0.6931309461048171	0.6976941668596115	0.7040921583375652	0.3307790694593997	0.7138883515427203	0.3615940796633618	0.798795014644097	0.7442591376918053	0.7347541097770636	0.3394661593927749	0.3547768637318155	0.3450882808725831	0.7021315208373807	0.3576929953426917	0.360346073837535	0.359583572524391	0.7080887974871243	0.6868190901964054	0.36273740474333627	0.717585491930895	0.7076827471688116	0.37463935793037145	0.7058774243522767	0.7205541734122402	0.7035223740998547	0.6961686304352498	0.708429423798116	0.6947371385621937	0.842441447153347	0.8003619828977384	0.6997154875017821	0.706958359037191	0.7299656659118994	0.7007884117881112
LFGMB1	0.380155457316196	0.3811319823123681	0.32938838309585583	0.32657779799755593	0.38514821603303406	0.3631641378033506	0.36368909770527663	0.4074113291891723	0.3955600125342951	0.39067282045064916	0.364266363865851	0.4291508885375036	0.3706690631439707	0.0	0.3810532282827408	0.3645622373369831	0.38513919229615334	0.35232706632136457	0.7121720821715918	0.43332518569674217	0.39366890536773164	0.6925441477119126	0.3694928390886599	0.3499005702039913	0.36698390867022246	0.7248463800649916	0.36223244841754243	0.7002581239363561	0.7009584210956193	0.37447200823594873	0.7218114797978296	0.7092282657747192	0.38107872308743673	0.7280449107142908	0.46228179318802193	0.3703979942373083	0.3870248401041485	0.7128550814491444	0.39700220273006337	0.3680693905361854	0.3668955439360485	0.3880778906982743	0.3597567529628002	0.7306783471658455	0.7228178531674072	0.3754333521407577	0.722914106298271	0.700400605294683	0.34715217242976615	0.3864507057960008	0.38335112721942655	0.37933086427634016	0.7012540764504134	0.7063113085443515	0.7034592323197707	0.7191807579803452	0.711454276088995	0.7243426528549715	0.719882643816534	0.6939974111861686	0.7303542043766011	0.7388681807287943	0.714366087762912	0.7283272735665195	0.7534135799615365	0.7075916666066073	0.7036151856465414	0.6936858468315604	0.6920643050631436	0.3675295487342832	0.7161782692462246	0.32886090445757243	0.800620552825872	0.7429063058869313	0.7490917132318655	0.39919390441028657	0.35368609591489186	0.36606193850844304	0.6965099433065755	0.36890340264647614	0.36265767183862735	0.35534978319246574	0.7131906179509139	0.6905204237911224	0.36550287882691657	0.7214026537612528	0.7189466552657174	0.3617188868141775	0.7185134711533923	0.7158287977821026	0.7028744758075874	0.7134050543179834	0.7108140566586759	0.7049841075162046	0.8481629052334404	0.8011897746327694	0.6972622389654091	0.7123461049190779	0.7328601515471265	0.7037012341370253
RSGMB4	0.3920104288003228	0.36750938312175974	0.3765142184946374	0.3531454377134104	0.38274183706541987	0.3630640382525318	0.36015282914111113	0.3953738874531985	0.3978848926733097	0.37794514544884095	0.37628345798099694	0.4170215168047078	0.3849921559455261	0.3810532282827408	0.0	0.36251470481093045	0.33095263517731205	0.37472955960706517	0.7031616980843796	0.4304823236750304	0.3865956520249346	0.6975244160262366	0.38074355677021643	0.3730085573234139	0.38182412659006787	0.717835921152951	0.3685277394044788	0.7037339078992235	0.6910143267349701	0.3901379097952136	0.6984548935985326	0.7129464216217959	0.396717951961193	0.71971937377884	0.4681864927318958	0.3714300155937709	0.3779342072184151	0.7117100501207124	0.388827290147805	0.3633695113521269	0.3963791047537324	0.39758756335052015	0.37416080080894365	0.7151834302604424	0.6967923717052921	0.40339512451294374	0.7103406891427557	0.6895547978719048	0.3602728088981162	0.37988836756098254	0.36735574897090056	0.3889501656423841	0.6965517675631295	0.6940118303389595	0.6980993387687362	0.7020266100859107	0.6951877837896419	0.7160460568058588	0.699714182345831	0.69067821829709	0.7179631963843156	0.725091799770052	0.7061381116357074	0.7081379547749267	0.7386496337513945	0.7050550303732106	0.6870093593285066	0.6827188228282904	0.6869941830485391	0.38649293511543115	0.7079314634066999	0.3645114016157582	0.7971379673380529	0.735310581514601	0.7361240832121955	0.40361315216054594	0.3660199393051169	0.3994863865114263	0.7033094126998298	0.3963779545693298	0.3501462273166081	0.353011467747633	0.7101994955269152	0.6880601234368809	0.3764914856188253	0.7119832949996718	0.7114630447855655	0.3615329360490104	0.703937513283732	0.7119264619494398	0.7008366315385817	0.6930257957016508	0.7042599363484736	0.6912341216488533	0.8342033773955216	0.7967448561644321	0.6969187167677559	0.7015257267356917	0.7276399591897381	0.6962770030096852
UNKGMB36	0.34666715908195034	0.34153944742684544	0.34776518497062764	0.3294786440642207	0.36134061731155176	0.36703423073997565	0.3303775046166996	0.39661321850390113	0.3509612902813536	0.37017574090951455	0.35223481945276275	0.37721894082061025	0.349638798395811	0.3645622373369831	0.36251470481093045	0.0	0.37853832334817905	0.35663419933350227	0.7130424353760778	0.3905366501848374	0.3693196816808257	0.6953795632053866	0.31519582084024234	0.3574855092392443	0.37683576694116283	0.7287653465217394	0.37245119962919254	0.7165349349437743	0.7104968126239886	0.3436813744812254	0.7175017507243877	0.7183470970992796	0.34166762439655135	0.7378841272211413	0.42316871782827026	0.3350754137616419	0.3362753255607339	0.7180602857041732	0.39782824549571283	0.3237437948876357	0.3193963733921958	0.3596827937918422	0.3759902424125448	0.7316770978114208	0.7200664389402692	0.34619971812449624	0.714306612843172	0.6980503010594511	0.3409782475492702	0.3525756620503635	0.36500832363655733	0.3336658635053896	0.7120597113396071	0.7120478991537994	0.7022675285404967	0.7107615678742177	0.7051875896117848	0.7265352376460954	0.7177957760025834	0.7027580908644845	0.7374579152173193	0.7416769040712089	0.7136265298425042	0.7203673781794923	0.7560843776626383	0.7170731382549177	0.6988414998647392	0.6959072242037835	0.7039690453408392	0.3173752429563765	0.7123163484804151	0.3549832937908644	0.8009472586312851	0.7474632028435055	0.7336639043136535	0.3809519254200117	0.32424994588607114	0.35296720623730726	0.7153267275500015	0.33302658609725844	0.3501246041276605	0.3329594309916717	0.7135059524125785	0.7006344382704722	0.326725351115766	0.7135881164701223	0.7192318966139944	0.34627762420306585	0.7166583560189668	0.728949227564819	0.7082280210291916	0.7083752760904782	0.7151370520574238	0.707589121394343	0.8419114058552175	0.8083523379760743	0.7176488382811024	0.709047913077844	0.7389178210396169	0.7026534919547225
RSGMB5	0.42327820125798654	0.3794016790197936	0.3755136291677397	0.36938937800251265	0.4036826136193002	0.3984062015644195	0.37768013807309675	0.40405742383241056	0.4161719562986961	0.4068615721814531	0.3505213416533998	0.43500074633492675	0.376731441413624	0.38513919229615334	0.33095263517731205	0.37853832334817905	0.0	0.37293045874514463	0.6961754764234828	0.4487519004253296	0.3900118036213713	0.6923223004024864	0.37863754450513004	0.36011328233388384	0.36673215948226473	0.7180098711279218	0.38100135409266017	0.7039181111447049	0.6935433628580995	0.41170592803203393	0.6995793043554077	0.7105862966342679	0.40255460997997145	0.7199853505679498	0.4835367192869144	0.3952806308485	0.3939389588436736	0.7062417636974043	0.39454633450724036	0.3817561493377015	0.3864332550434223	0.4197005514415111	0.3579886581266345	0.7186475255211838	0.7009467360402255	0.37715452309239206	0.7150245212667518	0.6884963508221458	0.36953476826027387	0.38596253507961	0.37772580055751076	0.38314594815990016	0.6944368054447589	0.6963751778844195	0.6868349808767747	0.6984193135987256	0.700517041227154	0.7108455604428525	0.6958807505024337	0.68864773299996	0.721400328364114	0.7197354413348167	0.7003010005289261	0.710023637997125	0.7383912760914589	0.6988667951761244	0.6861727605446274	0.6895814455057383	0.6903344797401109	0.39320895639814624	0.7052374157395735	0.3822336487669317	0.8013444525194487	0.7320032985934333	0.7428675103440936	0.4082453242463346	0.37884310678292693	0.39018281449080533	0.7036201176680704	0.3988536174861999	0.3550820307772297	0.356656071612305	0.7031139355531847	0.6914951462377962	0.3950445234991713	0.709664884729234	0.7076586703546075	0.36461613957514427	0.7009668824302073	0.7069639948296683	0.6959199412316026	0.6990527711789101	0.704259352013248	0.6932775509490808	0.8381774468353276	0.8004326679023529	0.7055733128069304	0.699884587549652	0.7296707196553783	0.691123540889228
UNKGMB12	0.3863632888323111	0.36275827892441775	0.35195772864953956	0.36291809604579117	0.38046101769688	0.3628497898664751	0.37310345716445137	0.3739897181453947	0.3934276275985337	0.39513704463589594	0.33127749119298844	0.43680236447209125	0.3408915511397851	0.35232706632136457	0.37472955960706517	0.35663419933350227	0.37293045874514463	0.0	0.7057852673348388	0.4247053596871788	0.395831925771261	0.6916870050714419	0.36705426994229	0.32698719553586536	0.31536963573948384	0.7276318053524898	0.365455831919188	0.7074642631570215	0.7000768423247559	0.38563224814758634	0.7109431722648168	0.7186854156456025	0.3888470776822367	0.7289977631513501	0.46604857861476867	0.3633446803899689	0.37912814013547325	0.7020094765030995	0.3821063327281434	0.36102354815415216	0.3757465204609129	0.39006670230326285	0.36744702320604294	0.7260622899691115	0.7061980506595071	0.3444184943376695	0.716598831173984	0.6951195024077992	0.3353336864503319	0.3454428570419921	0.37499946512547605	0.36892965179693515	0.7023527668692826	0.7006048276026126	0.6937473525045054	0.7012968194885465	0.7049819742832063	0.7214074735552537	0.7065515605004771	0.7000253314949695	0.7312968084368583	0.7285257005964413	0.7025288677603744	0.7153681272509888	0.743915980773701	0.7131595501297069	0.6985465032341409	0.6910454605788093	0.7001619750594129	0.34913641307629917	0.7037070004254694	0.3781498119283362	0.7947311289403668	0.7396923981293647	0.7345770225818158	0.38468202092513437	0.38034039876700715	0.37816218562891396	0.7095484889532517	0.3704539177362173	0.3426641140279125	0.335720332825955	0.7103001558877752	0.6932170653412166	0.35682930468817753	0.7107183220064448	0.7158680848331562	0.3428317746704194	0.717906755872101	0.7191443239251777	0.6978581674926858	0.7055151329396617	0.7018464289475975	0.702215684714067	0.8417227649580731	0.8035654022291319	0.6990139324867651	0.7098023338232956	0.7377817872713296	0.6936720766223033
G12MB13	0.7200848601763353	0.7182747802204877	0.7023671589612966	0.7275870734696968	0.7061114426203845	0.721017386678051	0.7141962936710513	0.6852615643870573	0.7229485762141149	0.721646158474968	0.7021747512060649	0.7339845987257846	0.7005275033184133	0.7121720821715918	0.7031616980843796	0.7130424353760778	0.6961754764234828	0.7057852673348388	0.0	0.7252579021486306	0.700271700450859	0.4171464148296121	0.7077512299191813	0.7040363244556688	0.7066830666238495	0.46921570169235083	0.7070674406013419	0.47190928595793497	0.4325775122269018	0.7085030715203902	0.39849547756762527	0.45850710909309095	0.7149442358650292	0.4367497259048658	0.7169548003986342	0.713798806879841	0.7264123603524666	0.4064694312297441	0.7070155989156244	0.7198354114040788	0.7152159818530658	0.7243439348977201	0.701716905993823	0.46881467884098654	0.3790019101871201	0.7086990918910946	0.4170939483920898	0.4033783054689852	0.7283666317255373	0.7161190036716643	0.7028440913840432	0.708536633926953	0.44167441862118945	0.4225466247804533	0.4180208812687287	0.4195170704404295	0.41220154631738404	0.42009303616085214	0.43364594150205044	0.41511094260574843	0.4333130314717918	0.4186859960638482	0.4411216543800727	0.43043537894780415	0.4704945230005449	0.4492645545801444	0.41949159606340974	0.42206966342782354	0.43816688611078064	0.7183829105478143	0.414607622374037	0.7110877989148073	0.7370833105354693	0.46102238971513343	0.6442491901193057	0.7150688817146588	0.7175145274521324	0.70503688010727	0.44208087830377346	0.7161541917418007	0.7001294752531703	0.7155722799136104	0.41333947779399943	0.451447654882903	0.7144012945054294	0.4240997511996621	0.44459756328182165	0.7161510261339185	0.4142698046281239	0.420646933352655	0.41721497499265875	0.4512261481086718	0.4189529791943578	0.43127675131219834	0.815226772732847	0.7132875550550419	0.4610036022473413	0.43004634272053555	0.4563566294958776	0.4141077778899899
UNKGMB25	0.3853965295807103	0.39876228516323153	0.4202050626949735	0.43712086243776915	0.39609028735019736	0.45499580634767145	0.37000803870077126	0.39843425436215596	0.39524550215600146	0.41075390795234246	0.4285356055339089	0.36826805877065355	0.39422963587150744	0.43332518569674217	0.4304823236750304	0.3905366501848374	0.4487519004253296	0.4247053596871788	0.7252579021486306	0.0	0.4510448187790369	0.7156506519908747	0.37967770408192925	0.4376839755795668	0.4413903339909422	0.7447179356614642	0.4269260090826264	0.7252829028277863	0.7257325328334445	0.3694344252738801	0.7169904126538738	0.7219192254849887	0.37151251775706495	0.741161040096068	0.3747647413042937	0.3830262889173507	0.38211707934369266	0.7218941706266114	0.46643925051773116	0.3746176845454511	0.4376751377588731	0.3929885832259946	0.48248575247124587	0.7323795503645103	0.7213879369693882	0.37546973266674105	0.7207260104741482	0.7028818077459905	0.4303480528160022	0.38742474812424393	0.4282336310958318	0.3974757559099622	0.7149775769487672	0.7189679748181838	0.7156542235574713	0.7188630760726126	0.7057079518284695	0.7355680900546401	0.7128304734008309	0.7136033338939938	0.7324666749564194	0.742109406450347	0.7154985899649492	0.7221285804231946	0.7657256920415709	0.7151339353586221	0.6945387693363347	0.7118714852980363	0.723429235999631	0.3980319934926837	0.7055200926715125	0.4294929073611042	0.8082036013988635	0.7478976940429707	0.7374023397454085	0.35766605544426966	0.405498001382513	0.37975935599453536	0.7195357180475745	0.4148581741541804	0.4270810994528407	0.4465987609725274	0.7145407403879295	0.6939533992457647	0.43326025208814106	0.7254797384539083	0.7144109751413288	0.43280757492748334	0.7188549542115125	0.73745753763963	0.7067830134078987	0.7141836785591127	0.7224672718698768	0.7149011918253754	0.8336499218225609	0.7902374885884772	0.7108766856372412	0.7205738132509266	0.7461864774657891	0.7250781263875757
