	UNKGMB37	UNKGMB10	UNKGMB19	UNKGMB7	UNKGMB6	UNKGMB38	LSGMB16	UNKGMB5	UNKGMB24	UNKGMB26	LSGMB10	UNKGMB28	RSGMB3	LFGMB1	RSGMB4	UNKGMB36	RSGMB5	UNKGMB12	G12MB13	UNKGMB25	RSGMB6	G12MB10	UNKGMB30	UNKGMB14	UNKGMB13	G2MB7	UNKGMB8	G12MB2	AGMB6	UNKGMB21	G12MB17	G2MB14	LSGMB14	G12MB7	LSGMB11	UNKGMB34	UNKGMB20	G2MB6	RSGMB7	LSGMB15	UNKGMB27	UNKGMB29	RSGMB1	URGMB11	G2MB12	LSGMB13	URGMB13	URGMB12	LSGMB20	UNKGMB33	LSGMB1	LSGMB17	G2MB9	G2MB11	URGMB2	G2MB3	URGMB5	G12MB3	G2MB13	G12MB11	G2MB10	G12MB4	URGMB4	URGMB6	G12MB1	G2MB15	URGMB14	AGMB2	AGMB7	UNKGMB35	URGMB3	LSGMB19	FRCMB4	AGMB1	FRCMB1	UNKGMB18	UNKGMB23	UNKGMB17	AGMB5	UNKGMB22	UNKGMB4	UNKGMB15	G12MB5	G2MB4	UNKGMB9	G2MB8	G2MB2	UNKGMB11	URGMB8	URGMB7	G12MB9	URGMB9	AGMB3	G12MB6	FRCMB2	FRCMB3	AGMB4	URGMB1	FRCMB5	G2MB1
UNKGMB37	0.0	0.1381063595476487	0.11027768770615824	0.11633126484677968	0.10329385507938184	0.1828080920117144	0.06864515649629106	0.1490458111367396	0.11644636603942755	0.09890362217037796	0.144282200260437	0.06707260667069107	0.09208729799107149	0.10647590147300273	0.1448697156072025	0.11262520071226853	0.20018036909427908	0.11489301473876433	0.24737261248258585	0.07877555900541315	0.17586395349870348	0.2475320877190887	0.08439928206177322	0.12906460581751084	0.12880589876001974	0.3485334873326485	0.15725615086128517	0.38625950961568356	0.21303384910614356	0.1074673261497553	0.266320572349059	0.20242631287095586	0.07958760672725002	0.22385387482650673	0.0873075343724439	0.07664355352081739	0.1280209555585764	0.2276055215480316	0.18238619074096346	0.06935858986146058	0.10895029261594116	0.1227037636165892	0.17122451679750358	0.30094470788208955	0.21224753700262597	0.09779569359327965	0.23215583446653842	0.24556759163757896	0.11993801070000154	0.10602204014139245	0.12168078231748178	0.06552251437342078	0.31726296221815115	0.27314598819915936	0.21740544330267048	0.2528791625618137	0.2584301937323193	0.23168394177681906	0.2493356343158724	0.30589086916355435	0.248692247045976	0.2237854430564092	0.2821875279293768	0.24707433095041273	0.28549283691305344	0.20478575316849482	0.24101184544292414	0.2462157958092593	0.20495238867337692	0.09792303484247879	0.2858440463936078	0.1317129541936145	0.4764549152638765	0.3383545007532787	0.4298391607551319	0.08984434378857019	0.11801407065810214	0.09165929350946209	0.21746983630417663	0.12837436169205887	0.11987861812972908	0.1477451530577607	0.29879999272417795	0.18913674572281333	0.12599171741150483	0.3002337005443525	0.2148553207898078	0.12766246273113396	0.22208516003863238	0.37075920148056163	0.22191875913651526	0.25947106517362434	0.23526308825204342	0.32429656210254704	0.48151760525156323	0.5825744498443051	0.18138842549684725	0.24600739076413797	0.3331080688169735	0.2538463583175287
UNKGMB10	0.1381063595476487	0.0	0.13412777957639746	0.10035777224020082	0.11433320836994747	0.1677098881554211	0.11637498383086747	0.15493672883605963	0.1714124990090417	0.12846702018138595	0.08739310496816365	0.16513906714563323	0.13433455603175412	0.13767818618730582	0.0896148849628415	0.1161898664154353	0.13446045246287425	0.09583727931718389	0.20522150266370656	0.1484974591418882	0.11279532565294943	0.22390132727923517	0.11550337034329934	0.11567432926307362	0.097937792234526	0.27766616466815813	0.10383600692749406	0.3191916439858663	0.24244920895404373	0.1412387905165026	0.26160742910378904	0.2235052716258696	0.12194056727188325	0.21337842602213108	0.18071663059715162	0.12047636037454641	0.12227909837219315	0.233180740300322	0.15235945022293987	0.12023592155312952	0.11589848542224557	0.18498644314035226	0.15489813558257354	0.2721341193043302	0.19000563063077924	0.10925043126845589	0.2165763983861556	0.2590495324990071	0.10788868547535901	0.1071306086280766	0.13221424844471552	0.11441732671706602	0.29324921317780056	0.21236659001096672	0.23000642110744698	0.19693821736216416	0.26409192630264766	0.24253066587421584	0.2062659251664609	0.23499090439420384	0.2004753636610465	0.2571038634229749	0.27526351056794895	0.2428758079626685	0.2759369613986797	0.21653918471613784	0.20761447646338246	0.20762372469341614	0.2165564978462656	0.09197557136252249	0.2562525519239059	0.16355844857721483	0.44749772347953753	0.29550218222639096	0.3988261244809855	0.13341759995512356	0.11049328302513728	0.1230125359740184	0.2552139556144198	0.10794760301660793	0.11645783316449444	0.09964116197447657	0.23833272914079134	0.20743118673840133	0.08997485138152111	0.2647791637443379	0.282919937655107	0.08511966404547451	0.21804253424082481	0.3422874396238432	0.23774158487487504	0.23870084582894047	0.24390523296577876	0.2566126090986298	0.5171205529956723	0.5631532691497967	0.2508144711899457	0.23219096225944041	0.33950524024448553	0.2323183317607595
UNKGMB19	0.11027768770615824	0.13412777957639746	0.0	0.09408767717708104	0.08462506057068353	0.13508581865798905	0.08886879315126472	0.1835811668076611	0.11398221462672949	0.0842349431555246	0.13694690818766608	0.11445265630992522	0.1240101752100196	0.06706338788247478	0.12735503380819774	0.10833152848858307	0.15477185193194004	0.11177040753942563	0.25608572244034616	0.12984186877122625	0.1734864722548168	0.249214361888968	0.08473411004933365	0.1103501450208354	0.12432484864812318	0.340359340316133	0.15212058231730277	0.38122485871890155	0.2293052692606267	0.10949605865398601	0.2673679942611833	0.2152174783055714	0.09565404193324618	0.24407877300333689	0.13945360139240923	0.10124778305113132	0.1087486393349952	0.22037839961324104	0.1388801874127856	0.08350313058006577	0.09477661572259588	0.105890421616412	0.10931821149799065	0.2934128065716094	0.22538790669807413	0.10922317286554788	0.24411518547203698	0.24145855886741424	0.10899928157074792	0.09608177584773563	0.079222269759666	0.08524075314150857	0.30525803124079365	0.27229511811310064	0.23268219314742206	0.24476482826655344	0.2530830191010131	0.24581523825090315	0.2531572726886783	0.30306520781180646	0.2494145939709477	0.24279803832752708	0.2900982313700739	0.2559020239979565	0.2920375476167713	0.20377409915352454	0.2434610254246702	0.24984079750142435	0.22353209620351466	0.10786572997728722	0.278301856651733	0.10896922752748452	0.48661147400448945	0.3392545246976922	0.4269153603305206	0.14316906280975986	0.09759037020495703	0.10482011334763537	0.23608596962754427	0.10095623375545577	0.10731502418100948	0.10213186465067041	0.28417365113015	0.21503894526757938	0.10479254171209919	0.2900937027471691	0.2654146955336244	0.10627505697393186	0.2401899480579724	0.3562947535221197	0.24412897968634842	0.2683817639936922	0.24519102951891886	0.3092974155780399	0.5009761986331536	0.5637952906049271	0.23486349104966367	0.25750674265959467	0.36198278958246294	0.25651798484505867
UNKGMB7	0.11633126484677968	0.10035777224020082	0.09408767717708104	0.0	0.07099447940057654	0.13321760299565874	0.10382519060038334	0.15111410715929557	0.15059255942831762	0.11222138253525915	0.10420998588033663	0.15191010161118806	0.1103829147034527	0.08821752987295048	0.08733262535510426	0.11198596229204506	0.1490451706957108	0.08805828110077234	0.21508168781359605	0.13148175689226807	0.12392814018287003	0.21887134223494945	0.10096548437267897	0.09876111819484694	0.09524491500406429	0.30384845531795945	0.10106246215045483	0.34487385370284274	0.21193083094323517	0.12578956940965955	0.2470522253171637	0.19566192949639705	0.11482731885391521	0.2122006437920625	0.16746015709596285	0.10385369306662927	0.1225972578715369	0.2120314346049745	0.12014173899913441	0.10636338345799665	0.10907487144524528	0.15343001879227022	0.10495281271214997	0.26899544128342096	0.1940436083499608	0.10289174577780068	0.2086053764507733	0.2341395355940565	0.08332205831548219	0.10699772945217775	0.08432774129376322	0.09987739705045472	0.28119840499506094	0.23541949371207552	0.2041263732358888	0.21612984590925458	0.24127816586902984	0.22204905908862532	0.21776824490802552	0.2628983683459847	0.21573239650326465	0.22912032489085996	0.26010138093930935	0.22691921810964644	0.2690227244535387	0.19495321781891856	0.204818390495441	0.20888444363185552	0.1949265009394142	0.08654390181407187	0.2509960121221294	0.11104608333058406	0.46410926113444334	0.29903037911114144	0.4119958340093479	0.14353439157097156	0.10244524605476381	0.09566973770739837	0.22502876996489907	0.11014671937036914	0.0698618144667463	0.0942692098108641	0.25847081334666033	0.19633162280009758	0.0657836185458588	0.2597715379970062	0.2583621253258962	0.08366168638692785	0.2057536597204963	0.3341888498100435	0.22554671857268085	0.23198725283798144	0.22360607548810166	0.2821397019400271	0.4968057866599806	0.5802561445697498	0.22473638785940547	0.22419944566731007	0.3365300464874137	0.22858550548960327
UNKGMB6	0.10329385507938184	0.11433320836994747	0.08462506057068353	0.07099447940057654	0.0	0.1433352138798826	0.10113678494078011	0.13752345229276974	0.14518003905729873	0.11926968991776514	0.11852568941710306	0.13417384137491078	0.10286881905786778	0.0914816517764287	0.10008045170047261	0.12019000687405891	0.15660940084398947	0.10256188460062142	0.21719248266589244	0.1126674902520299	0.14346990835189796	0.2198970047499991	0.10179454572929207	0.11899635428493122	0.11498324429564398	0.3113321742836491	0.11744645772320884	0.3531758391348995	0.2119384888831036	0.12303956476053116	0.24913145034623396	0.19354977662306064	0.10676649208318849	0.2070650675680212	0.15216606790460702	0.10266811876797075	0.13293601996233564	0.21438358916335246	0.1276813197785945	0.10503273493407819	0.11926520073410266	0.134896890055112	0.11138712104931313	0.2719301606325254	0.19390237591049794	0.09249244419753565	0.2124867488057898	0.2271963131743693	0.09982312606600206	0.1202076076335363	0.09030066716832508	0.09597203548599009	0.2929083221676672	0.2406864704751926	0.2091851016999554	0.2190049809089435	0.23706551646487298	0.22743006497809615	0.22141764638830005	0.272944271855851	0.2224125637839929	0.22576291963994038	0.26455285886285973	0.229875204386337	0.2591510054247957	0.18457615631472907	0.21342457876333137	0.21515204433009888	0.19901624898508682	0.09490619926759217	0.2578347087915498	0.1157796795400501	0.4595492720730993	0.30602353873355603	0.4068533701817316	0.13175209866357876	0.11771063303242452	0.08963722921392345	0.22514507729375585	0.11801765984607708	0.08521115874224959	0.10804655870601221	0.26419725081245715	0.18117084969231118	0.09471524753487119	0.2699272296364409	0.24490109659858	0.10526680514340123	0.2092834750848977	0.3390440603176261	0.21236388902512546	0.23440636332674988	0.22553449743747017	0.2885399620514755	0.4915981677060823	0.5754116898220415	0.21669736100287454	0.22436063072916176	0.33574951167411027	0.22477888428238096
UNKGMB38	0.1828080920117144	0.1677098881554211	0.13508581865798905	0.13321760299565874	0.1433352138798826	0.0	0.16628856536881226	0.22770991656524325	0.20259568675294262	0.17635810155156684	0.1654590676319571	0.2021128742466805	0.1949015727556255	0.1522809246410826	0.15851437020332043	0.16942104237987665	0.16782221879178635	0.15822835607373184	0.2847405922410239	0.19329763100896707	0.1938131163905459	0.27544863960853117	0.15940596237837024	0.14840087762892332	0.16604125826437802	0.3558811049593002	0.15887144295844008	0.3902634791864042	0.28654745618314564	0.18664510781271637	0.30867471951063813	0.27238756610143616	0.1683548000386171	0.282835621025082	0.21121708530434125	0.17120488319531998	0.17331179127051216	0.2659231676356313	0.15482227332410406	0.16538918112037906	0.17420682094362797	0.12953902888480143	0.12429682954284955	0.3208547031501366	0.2643132558569413	0.1705583956744727	0.2812301499605004	0.28030468653225427	0.15757510470414923	0.1685177572776949	0.15017768087468694	0.15451328116207128	0.31507137480926173	0.2931200606551207	0.2762305218967113	0.2702296325623291	0.2897175723879236	0.2962971995844062	0.2785501415898267	0.3162299793854603	0.2728251972730343	0.3071864817521874	0.32325770053064645	0.2862387073769684	0.3316652268655195	0.255379220132731	0.26751061828273487	0.2787174990754923	0.2653236618869824	0.154866859999066	0.3066302607957352	0.12638156272309187	0.5093112587829361	0.3618544476792482	0.4463700963893267	0.21178496319432005	0.15827954936519587	0.1750624231025554	0.2884500682746336	0.1566107343651253	0.1660733064817402	0.13291139120097573	0.2996032447814287	0.262514163492078	0.1444075307492152	0.3027477138688379	0.3192751353285164	0.15123579501693143	0.2853148079481942	0.38230873012961275	0.2871477158591158	0.30451024369412133	0.2867138975703752	0.3232218387120163	0.5194976787160057	0.5885307878878729	0.2936054542095063	0.29690076122350095	0.3939335047262143	0.293410768286833
LSGMB16	0.06864515649629106	0.11637498383086747	0.08886879315126472	0.10382519060038334	0.10113678494078011	0.16628856536881226	0.0	0.15584315126696785	0.10124071940212119	0.070376982278702	0.1294965198769091	0.08222155035176626	0.08730560132286208	0.09702427927419131	0.12820807066805118	0.07765528568959179	0.18144304162576996	0.09744525429732945	0.23791621723251696	0.08212400787012109	0.1644385213707299	0.23428299037341782	0.054574135569899145	0.1098565170665065	0.10834893959822096	0.3388265318288077	0.13979071697629616	0.376202263992066	0.21886244803578003	0.08518837889402818	0.2622882389966831	0.19950898085582092	0.03499152707661221	0.21733035640904727	0.10257280913436204	0.06251979493131755	0.08887725790955874	0.21472389666792313	0.17329793827330528	0.021411347912666617	0.08686076048875789	0.10689469903999332	0.1593612975080594	0.29009548599844204	0.2055424287374711	0.0830925053323694	0.22348782489352326	0.2352095202394903	0.10151905154703438	0.06909888636619835	0.10232450443626834	0.03695810828876799	0.30331415231413345	0.26575059431319004	0.2154626515247917	0.23699198791295062	0.24630456436914813	0.23496987310666964	0.2410706406237975	0.29702726428371556	0.23417381090634035	0.22981262952692555	0.2716411545581819	0.23698806677505102	0.2828046099555118	0.19249042386942786	0.22829383674415318	0.2373010094542624	0.20288166332359842	0.08628529262718956	0.2701041614073575	0.12548692369651582	0.4833471057334651	0.3283501136745761	0.42756614525561587	0.10133303455037451	0.09071711067924323	0.08149662546535139	0.21318454166186537	0.08802255578213787	0.11248172353107884	0.12368556993251272	0.28043414774754893	0.19525743459001965	0.11644315294887712	0.28372492971029273	0.23297205160657447	0.10381540893589997	0.21560893575806517	0.35364967851319257	0.21707298877074038	0.25381821788080033	0.23334327967491164	0.3047717403051824	0.495373383837742	0.5768709078050563	0.20368371658807397	0.24023042980146922	0.3399244185150467	0.24694430234768722
UNKGMB5	0.1490458111367396	0.15493672883605963	0.1835811668076611	0.15111410715929557	0.13752345229276974	0.22770991656524325	0.15584315126696785	0.0	0.1982902762790234	0.1827093478673243	0.15714699974062424	0.17448254786576203	0.12278395298076195	0.17728583896904895	0.17366038045981333	0.18503089983403903	0.23248416082339451	0.1515157888750243	0.22594826681774172	0.1354592198879342	0.17582059011947931	0.24702987398469972	0.16515562332677602	0.17262143451023845	0.1486140971484634	0.30912654584803895	0.1357703363615531	0.3520667556142463	0.2431606268353988	0.1798393990872737	0.2666267851718663	0.22399630944260837	0.1560089138796423	0.22609715273636963	0.18016706439040886	0.1617191735683625	0.20315956509743627	0.2523357445575828	0.21084526673081777	0.1602501280840762	0.19612859755636303	0.2129167870135733	0.19440612495350212	0.27080610104450786	0.21102358616168954	0.12963889872374543	0.2361770122359597	0.24581312958162133	0.1717057070447372	0.188226630685999	0.1690147687760097	0.14916241912638006	0.31139048917164724	0.26239776717758273	0.23818699498296989	0.23683259948255028	0.24294991623093004	0.2579105112587601	0.24700147333738764	0.2686066807054898	0.2477933911331479	0.2480692785895671	0.24672322222866297	0.2476264573116386	0.23434170348699787	0.22934478199134944	0.24099444208546866	0.23226992220924733	0.2409067317364555	0.16463659934728173	0.25454487210168075	0.18561739811833192	0.4360074888775589	0.283712338606612	0.3883015415053552	0.13639122432414838	0.19177417915490186	0.13115871698641574	0.23815720335881127	0.18792535134980193	0.13013882753278852	0.20232313595471013	0.2660990921334676	0.19126484122223442	0.17362744013477005	0.2709014639209731	0.249726700711093	0.189113149600334	0.23615313105280766	0.326738213539026	0.20787021605151923	0.2421196571994503	0.26316539944923517	0.28749708941814206	0.4673304117526982	0.5903587745467772	0.22969018565284838	0.22996656121178038	0.2956005879855659	0.2376306411105879
UNKGMB24	0.11644636603942755	0.1714124990090417	0.11398221462672949	0.15059255942831762	0.14518003905729873	0.20259568675294262	0.10124071940212119	0.1982902762790234	0.0	0.08337393732978321	0.17446387232801985	0.09290419778702795	0.1284178849455847	0.1279892059286331	0.18018980871158652	0.1267125353216968	0.22030859044748738	0.15591885509427245	0.27133869473112127	0.11782788500776796	0.2004904041765859	0.2558115633444711	0.1129720118113511	0.1672897621705441	0.16850655132436884	0.3599436932281542	0.20167407668260345	0.3993496618551015	0.2248907198574189	0.06462344382847555	0.26934989141199317	0.2222519430293574	0.10701911326066664	0.25220114587617704	0.12111500370276264	0.11512384212151504	0.10221563805826211	0.2165314637839921	0.20200029205841438	0.0948063037484134	0.12131609013055693	0.12743439415261076	0.18481971848940063	0.30221650460427585	0.23987863976715174	0.1366055074788208	0.2551729253664797	0.22387525204412762	0.14351165808255714	0.11523752581069321	0.12024404684793273	0.09878127327231408	0.28474532203877617	0.2893858866789759	0.23249688978220312	0.2575943844491364	0.2485525044024891	0.24559563380313523	0.2664066633507868	0.321297861792098	0.25769984183862565	0.23900407920049085	0.29882030144541355	0.2609416164989856	0.3073631801693323	0.21741734066791893	0.25763117826077864	0.2644692068054594	0.2288893676806006	0.1309377855080486	0.29532764119554666	0.15929198407217018	0.5186256942220587	0.35183166799622023	0.4586221061935389	0.14796255788545673	0.11397499051935288	0.12389794868821377	0.2114077594930793	0.12070924797823161	0.16185741982011365	0.17049726528100445	0.27206173317673565	0.2309891926697748	0.14879221531407524	0.271848188669068	0.2601645590176385	0.15541137352136333	0.2465755433506394	0.34834628158535164	0.24616369270434896	0.2840676276666001	0.24671019547345846	0.3101882724451416	0.4945205087456438	0.5445963367334363	0.23816336731633783	0.2693975085197145	0.3572573852511737	0.2814967971031069
UNKGMB26	0.09890362217037796	0.12846702018138595	0.0842349431555246	0.11222138253525915	0.11926968991776514	0.17635810155156684	0.070376982278702	0.1827093478673243	0.08337393732978321	0.0	0.13918989058754597	0.09226118473884015	0.11324668460107108	0.10134120507718387	0.14095325119633673	0.08203689183125233	0.18811213752249364	0.11926040216087525	0.24056889397958095	0.10928841997881841	0.162186084960925	0.23161582178325452	0.08008598997216057	0.130948369735996	0.12733779551646532	0.3347351166984619	0.16237456787411517	0.3724435946457935	0.21049708293008165	0.08854069811612274	0.2537647465339746	0.1980930245779247	0.07168140431557891	0.22419125875569543	0.11795004614479447	0.0894601386511678	0.0886061937281541	0.1956422360319178	0.167834383015794	0.06619922783843186	0.08548285864778836	0.11956807506801292	0.16050877815556447	0.2893215415975868	0.20368720826338	0.11580653899283468	0.2271708818091569	0.2328526927165644	0.1154828559782601	0.0655494256863347	0.10666008337932113	0.07523126698855676	0.2958560923699688	0.26003445887336163	0.20978928008618844	0.23279688661176015	0.24833601424240098	0.22648297640892617	0.23570526462877878	0.29549276318504303	0.22977672597571613	0.21965415484493148	0.2767366871915409	0.24069481538597204	0.2893509556501538	0.1883032780351073	0.22944570766412153	0.23387251296287237	0.20465069112641435	0.09605227031083607	0.27044893639902934	0.15135362041240633	0.49103581976355637	0.3262976144588748	0.4328824418660857	0.13685377770039733	0.08254592103430396	0.1051987828462829	0.20677933129411916	0.09966321973274508	0.11760441664604813	0.12668669224766077	0.2720317886186369	0.20571187489954798	0.1094506118584719	0.27922788301046064	0.2439021035063341	0.10676721520637711	0.21444226372683664	0.34616337214751663	0.230873172630364	0.2542690674689416	0.2271700228090768	0.2986567745346627	0.4965082324688725	0.5678533226102421	0.21791267432543188	0.24116718207695678	0.3512943995251263	0.2535109372153776
LSGMB10	0.144282200260437	0.08739310496816365	0.13694690818766608	0.10420998588033663	0.11852568941710306	0.1654590676319571	0.1294965198769091	0.15714699974062424	0.17446387232801985	0.13918989058754597	0.0	0.1759862485045566	0.13867699253263185	0.13703642348637501	0.10348029554845253	0.12044155987489528	0.13988684079483615	0.103036663432352	0.2075875271322139	0.15452770370018243	0.11797925377296849	0.21516666422041766	0.13411843799705375	0.12398193350125135	0.10817518180266182	0.278135193273193	0.10608225780294367	0.32823508093203246	0.24077929347299662	0.1542329604941372	0.2594624941226911	0.21953382456536885	0.13297800782034566	0.2170457574523799	0.18556124532338003	0.12747429114422307	0.14339854529106993	0.2293545220167762	0.1453922532565636	0.1351889146232636	0.12660535577819773	0.1836785658229192	0.1474254488416226	0.26196786636051833	0.19747055917027143	0.12526093771189034	0.22135822366735292	0.25183625456331865	0.11870340569269527	0.12220099053554692	0.1381852788355661	0.12381670908518745	0.2902910702806921	0.20813603161921881	0.21924023914471355	0.1963248848912461	0.2582129339522901	0.2389181965134006	0.1983101143390562	0.24543419852729445	0.2048985187316573	0.258367415897476	0.27073566146372346	0.23704109573249585	0.26817696856905465	0.21357841981224815	0.20602809441566464	0.20404396110480386	0.2175138665922376	0.1026698058877953	0.2564185627553296	0.16715078223488586	0.44589252109987015	0.2870547951673498	0.39577265013177165	0.1540994661043599	0.11350147490096284	0.12632202566175396	0.2511610205714932	0.12202299719548139	0.1161007217082706	0.1074286434708806	0.24017069361397145	0.20603226717141837	0.09636977629477064	0.26244592400359573	0.28701258606295155	0.10174756936491947	0.21943231685884113	0.3298284455063398	0.23127059344192236	0.2362815078698741	0.23811756667238246	0.25805205246576246	0.4921905138761445	0.5686678839350157	0.2508575979759595	0.23051173617756604	0.3352988863425163	0.22979300199894043
UNKGMB28	0.06707260667069107	0.16513906714563323	0.11445265630992522	0.15191010161118806	0.13417384137491078	0.2021128742466805	0.08222155035176626	0.17448254786576203	0.09290419778702795	0.09226118473884015	0.1759862485045566	0.0	0.11349585366337168	0.12681458987612895	0.17864216126239765	0.12319920534379453	0.2274939079967195	0.14775791518530082	0.26058761751253373	0.0761446913695887	0.20987819818633502	0.2550861141684881	0.0913414612702057	0.1592383093578084	0.16106306207008841	0.3660814900940567	0.1926453223404783	0.40342230637042104	0.20612750978671013	0.09223806015483363	0.2710416655513771	0.21296385173829	0.08310439531289464	0.2329513819227638	0.06345284771334256	0.1020529641384293	0.11517022799963875	0.21859043388811636	0.21533776235650895	0.07472962763434648	0.11884010160389002	0.12851538707456023	0.19404648760105114	0.3009646070305231	0.22549546883213373	0.11729344983638497	0.24379620194815418	0.23993373543922883	0.13938656456640963	0.10987722258853008	0.12990227475203514	0.07629294005560501	0.3145094888967989	0.2902360264277537	0.22310346513018006	0.2569196510598105	0.2542451242690059	0.22798045376793424	0.263299698935197	0.3232282116127979	0.25354985240874095	0.21705258716005416	0.29370801184336937	0.2512135060979238	0.2994741111586457	0.20703195878160321	0.25391931344729035	0.262690949994962	0.21374967927960256	0.12707919039430446	0.2916300701227548	0.15386736889594677	0.49511510629503674	0.35463542938540843	0.43679876703364506	0.11037926060455443	0.12085911482348109	0.10874910164000808	0.211482871413443	0.12463365415160246	0.15913134209752183	0.17556461282865926	0.2978086686021329	0.20972167436973724	0.15741417397993165	0.3029857234105821	0.21966518888823713	0.15568341045443546	0.2368167235204906	0.3673216172293121	0.2342672366805641	0.27416236672080985	0.2393025216352381	0.32458756266951344	0.4829461754942962	0.5688664344740167	0.18483567969607112	0.259668968799889	0.3432367309614443	0.2673331250678441
RSGMB3	0.09208729799107149	0.13433455603175412	0.1240101752100196	0.1103829147034527	0.10286881905786778	0.1949015727556255	0.08730560132286208	0.12278395298076195	0.1284178849455847	0.11324668460107108	0.13867699253263185	0.11349585366337168	0.0	0.11848851905951638	0.13973068146366627	0.13265046864256408	0.20485071925523857	0.1204432176459407	0.23372275527358902	0.07864282033470744	0.15883886579836617	0.22969665614601767	0.09592744398381943	0.1401171252097311	0.1327223545415534	0.3260096092002722	0.1425156224969127	0.37187396078253626	0.2090531415149446	0.11496883674396756	0.2400926104885886	0.18587013458259044	0.09590604882862143	0.21064446332058812	0.12291409104158302	0.09697591917804951	0.14318482462572377	0.21975672299875335	0.17611615706557696	0.08997652538328658	0.12434134403651352	0.14945039122412876	0.13894654854316665	0.286151679173785	0.19272177075933988	0.08574226923109705	0.2221954224182437	0.23482815184150105	0.11318014436096202	0.1213332344211768	0.11052813380446573	0.07961227431736426	0.303063782548003	0.25604567261577743	0.2102415042134916	0.23773567094837914	0.24634064117113233	0.22592100408415644	0.23313829734605768	0.2874229255501374	0.23798543664080088	0.21573197146836037	0.2729490914093782	0.23313435270771496	0.2683917736963395	0.1923179377254193	0.233467118780774	0.22933941383520443	0.203526265057149	0.11159917492799169	0.27637452300933146	0.14450640853144522	0.4714328961048869	0.3195512683884046	0.42405342081413266	0.10552661760821534	0.12502751225325506	0.06825627470955505	0.20263828100458342	0.13670546680546375	0.10344727754882377	0.1631853732299535	0.2817521036747424	0.18470952150079104	0.12192860056419744	0.2857819961495754	0.21261394287239574	0.14109731047617616	0.21426205047448876	0.3548651905574655	0.2061576740540866	0.25090977370084144	0.22706174951199604	0.3057105247841741	0.4717969758096705	0.5862529446177729	0.19516472941335525	0.23745645487885372	0.3246342153038593	0.2392854842844735
LFGMB1	0.10647590147300273	0.13767818618730582	0.06706338788247478	0.08821752987295048	0.0914816517764287	0.1522809246410826	0.09702427927419131	0.17728583896904895	0.1279892059286331	0.10134120507718387	0.13703642348637501	0.12681458987612895	0.11848851905951638	0.0	0.12398377331363433	0.11559546663193673	0.1654292936256668	0.11322315884858927	0.24868260107677398	0.1397435722384447	0.17657730450303724	0.2526878389531622	0.09674874763299365	0.11822495997484286	0.12090414203261002	0.34404416442791586	0.14976419126790003	0.38168267421453883	0.21774225974762562	0.12345081716588478	0.2614524481789823	0.20400002680827403	0.11378333157698302	0.23964194541133352	0.15530595873880756	0.08635617690083411	0.12584663208748215	0.2289647652124576	0.14180455315746887	0.09424653666446535	0.09206135977234679	0.10931521742342529	0.11123924751759161	0.30859317039387013	0.22327165028601198	0.11920996232050889	0.23816997771771684	0.2547975729768801	0.10344111063341366	0.116683853168689	0.08931342388868901	0.0925449522840577	0.3161516820201696	0.2753901696129374	0.22490906902350088	0.2562083062308707	0.26789980037486016	0.23743782492699123	0.2539335310572732	0.30414748260111507	0.2538740582754462	0.2290764913025245	0.2901735911498465	0.26032864157765445	0.2913434285718034	0.21181375080565518	0.24518927922248876	0.24666318775951512	0.21519282019864022	0.10430854034911553	0.288756181391305	0.10504219706110898	0.49243550869652625	0.3353288713262855	0.4395534558407428	0.14729063537436396	0.10952595999332661	0.10493284733687468	0.23823207692462545	0.12646790450223674	0.10606966630565799	0.10726584832025092	0.29844344470334017	0.21127118815894574	0.10132368593482205	0.30333649857134726	0.2539606864982615	0.10464128986544419	0.23366178166530555	0.37161871079667025	0.24093241308994326	0.2651121478818035	0.23959993728071552	0.32205875439901005	0.5010009081571967	0.5848084529973634	0.22222318279263664	0.2533212374848909	0.3560493180982135	0.25840253519928597
RSGMB4	0.1448697156072025	0.0896148849628415	0.12735503380819774	0.08733262535510426	0.10008045170047261	0.15851437020332043	0.12820807066805118	0.17366038045981333	0.18018980871158652	0.14095325119633673	0.10348029554845253	0.17864216126239765	0.13973068146366627	0.12398377331363433	0.0	0.12543273409671307	0.10731664537363067	0.11648308921647317	0.21581450215694548	0.15668469416392367	0.12365217784286352	0.22853232217535918	0.13486943217778066	0.13099937798584155	0.11999895004139755	0.28790181628709216	0.11835262625743789	0.33178532834421526	0.23896904692841092	0.15378654221910373	0.26416534808065495	0.21711100593634258	0.13255818889340515	0.21954337090200546	0.18982516535275054	0.12796806570789707	0.14068903015314826	0.23395480932905285	0.11711113738466403	0.13156868278601405	0.1219639033253255	0.17612651141347777	0.12683747888084826	0.2834002093024983	0.1987525573241595	0.12841800009923582	0.2200221882128922	0.263172559231946	0.10464886823727512	0.11730164087098968	0.11787696420685577	0.12826659454722722	0.29948800528336544	0.21961358773241665	0.22499448645501952	0.20064421366474236	0.27322587163937884	0.23314840381041393	0.2106819442079866	0.24538226220770942	0.20251459234037825	0.25138378783015697	0.28809076383405174	0.24313858366883226	0.28766649476972517	0.21660963756663873	0.21722255554356515	0.21966783922076988	0.2146624122240441	0.10350816058721236	0.2707441053256974	0.1495324194921901	0.4438492159377725	0.305955550998769	0.3922820807772033	0.16495060940742248	0.12454110837761793	0.12623328263119332	0.24835550798196862	0.12204212143547245	0.109753309299149	0.08888891280578919	0.24576402513032816	0.2152340088398129	0.07909645938260265	0.27849262891855675	0.27939647323018213	0.07841704103708184	0.2192678820425079	0.35716108400034824	0.24926236698981605	0.2498739480988613	0.23903129742465323	0.2650567845935531	0.5183283109788012	0.5743662113017625	0.24644343243406353	0.2433475606708633	0.3527022779468787	0.24729939585690336
UNKGMB36	0.11262520071226853	0.1161898664154353	0.10833152848858307	0.11198596229204506	0.12019000687405891	0.16942104237987665	0.07765528568959179	0.18503089983403903	0.1267125353216968	0.08203689183125233	0.12044155987489528	0.12319920534379453	0.13265046864256408	0.11559546663193673	0.12543273409671307	0.0	0.16280308016017853	0.10939716095081164	0.24040669967761819	0.12438677149836062	0.15040411974541174	0.21783220682834933	0.07596568038123122	0.12130923962237154	0.11825438966614446	0.318560269397319	0.15663937851567072	0.3623601688969106	0.2353922866718985	0.10340712152291803	0.2508473772328868	0.21233890591305427	0.07313511828990395	0.23284502536888024	0.14250376925041466	0.09948738526314473	0.07580288637472259	0.20008881122021602	0.16657848252258592	0.08339392236146452	0.10232187965155985	0.1267208050047889	0.17287680502025365	0.29059501895870443	0.21531587260253585	0.1154696125874244	0.22431118050882312	0.24231938792105534	0.12742684552188	0.06745549978946284	0.12626784461097218	0.0880014485625985	0.3038963546816222	0.24441905128496366	0.20759671208364563	0.22087781193280961	0.2559154179535374	0.23433771904057277	0.22115871561994674	0.277429442058299	0.21451781860781016	0.24806834634077643	0.27792646744057575	0.24355835918293425	0.2917504912333887	0.19688292370631616	0.20807837101966492	0.21775104805960288	0.21677515541137998	0.09041299376928448	0.25721303767047093	0.154473243435187	0.48772027491336784	0.3079421759157179	0.42810700247223377	0.14098104868446742	0.0782403907740883	0.11123807476707073	0.22647196016636273	0.09765971755982757	0.13286964394748604	0.10174226970300222	0.26832589986465305	0.21173719859917645	0.11383753266342146	0.2708673685211434	0.2700403095741716	0.08723835244828233	0.20327487708639844	0.33556625650131783	0.23453312024030526	0.25048353979662025	0.23780228883797416	0.2822965547309603	0.5083839892242022	0.586325142023464	0.24205236016505932	0.23793601644907197	0.3461008755796976	0.25568319405767737
RSGMB5	0.20018036909427908	0.13446045246287425	0.15477185193194004	0.1490451706957108	0.15660940084398947	0.16782221879178635	0.18144304162576996	0.23248416082339451	0.22030859044748738	0.18811213752249364	0.13988684079483615	0.2274939079967195	0.20485071925523857	0.1654292936256668	0.10731664537363067	0.16280308016017853	0.0	0.16493230933291325	0.26999261176377826	0.22173933952221886	0.16847162263179763	0.24934358418660807	0.18742080510867265	0.17913196775023874	0.16655370719733656	0.29253421140332153	0.17995661767818266	0.34678993252322476	0.29359659903714935	0.2014197786762937	0.2540069747499444	0.27502935297548436	0.19094553087732002	0.2746335560262981	0.2426932367648598	0.18344388338916745	0.17618274958999655	0.2474627252273026	0.13394504416570943	0.18539498523851686	0.17075673327512952	0.18964512859592525	0.14586285552456135	0.324557243817827	0.25288629767003246	0.18906979048888434	0.2727052518811428	0.30964271519180525	0.16975385470602541	0.1673676631389917	0.17510185153144484	0.184889175293893	0.32771738985799226	0.215903997403405	0.2445441995963108	0.2332923605476255	0.3154843740966426	0.27834608689516316	0.22247209203673118	0.2593323862020754	0.2302006892147577	0.3068776591603336	0.33094653780143	0.29424214755030736	0.3310342377973393	0.2723691824179235	0.23794367194840824	0.25334508659298816	0.2731731212373226	0.16225331708120805	0.3104660393633687	0.1716049629857676	0.47168067785962525	0.32509366139701523	0.4244361985246499	0.22136515923448682	0.14836169366199722	0.196190789287455	0.300030314280478	0.17404689767945136	0.17186932620036868	0.1108732052122703	0.26973428464601856	0.2743724904889817	0.13444076006017258	0.3055928157029617	0.3339432704359954	0.12279216657130763	0.260739963460055	0.34774130362302996	0.3000970295731823	0.29782937556972566	0.28081216824942656	0.2722309513644596	0.5235046333819023	0.5777602179676342	0.30222213139329396	0.29391593314833	0.3904117080794372	0.290391635456435
UNKGMB12	0.11489301473876433	0.09583727931718389	0.11177040753942563	0.08805828110077234	0.10256188460062142	0.15822835607373184	0.09744525429732945	0.1515157888750243	0.15591885509427245	0.11926040216087525	0.103036663432352	0.14775791518530082	0.1204432176459407	0.11322315884858927	0.11648308921647317	0.10939716095081164	0.16493230933291325	0.0	0.21708859549716836	0.13518835176727775	0.12987185000076681	0.2270294786982227	0.09827179000404455	0.07949369033047159	0.03287971897912141	0.3042891711565211	0.09251224659350127	0.3454558400748034	0.22754956769128082	0.13378475909802656	0.2621036187290541	0.20277549573688342	0.10431979271377902	0.2170648584376158	0.16164428348644516	0.09449296917455471	0.12481393004505753	0.21987540375368014	0.14790645117972945	0.10021941896306001	0.11356767094952201	0.16519379779137347	0.15016619796929942	0.272906724622256	0.1993187470479729	0.08722639620309089	0.2094555574444279	0.2360524897076321	0.09807201112413044	0.10959178136921169	0.11645326933950505	0.10144275409375063	0.30059373570394765	0.2408580767299266	0.21475911539941536	0.22993165945907373	0.2435031036269325	0.23730389044505018	0.22261222399922578	0.272932503867332	0.22535024370989667	0.24089068599355004	0.2599542968191062	0.23607085614387108	0.26638830155431154	0.20208546161886104	0.21082746736767616	0.2105676578456057	0.20380855557754726	0.08579806923727334	0.25189041772737003	0.1362151356268663	0.47432820700991823	0.3024616660840928	0.4237190472746769	0.11172056990485203	0.11370230573229378	0.10439689928080306	0.23932473816426042	0.10211083035886039	0.08908131158558263	0.1138158745738854	0.2639767606263284	0.18660739636084572	0.10629702558759858	0.26349594185368963	0.2633740717412663	0.10354043573295461	0.20408369698949252	0.33883260881165783	0.22143937522972051	0.22876723548158157	0.2380073861396026	0.28644641776875357	0.5117971255086127	0.5793254207334884	0.21841471439412716	0.22000031511656273	0.3392584530223223	0.22891531089469672
G12MB13	0.24737261248258585	0.20522150266370656	0.25608572244034616	0.21508168781359605	0.21719248266589244	0.2847405922410239	0.23791621723251696	0.22594826681774172	0.27133869473112127	0.24056889397958095	0.2075875271322139	0.26058761751253373	0.23372275527358902	0.24868260107677398	0.21581450215694548	0.24040669967761819	0.26999261176377826	0.21708859549716836	0.0	0.23785501358203212	0.20766834994519076	0.14792742154192998	0.24295361329242682	0.25134937531752877	0.2169599624352447	0.19804006720685285	0.19632956408238866	0.24306303539607332	0.15826235728428809	0.25283940090754026	0.17444231671504784	0.15282850902099127	0.2417650021047174	0.13363236741047124	0.25767941192483007	0.2346410871593724	0.261212577347115	0.16064391674386766	0.24002183962945609	0.24163745417362606	0.23833066388291724	0.2923969443960665	0.25092411480927723	0.17980478939526584	0.12155915184254283	0.2350108978534624	0.1311012565534926	0.1761759877982497	0.2223009111478945	0.2387723686654838	0.2314079939161855	0.23750792075579624	0.2213230529865348	0.15172303186187872	0.14235943117137556	0.1178755796586299	0.169099989743088	0.15594047001987793	0.12154538101537542	0.1652197045908708	0.12208641460956245	0.16273137461760065	0.16654788795663697	0.14318971857448037	0.16048654192655987	0.16761352787116784	0.1535155310301955	0.12689476668808766	0.15829462554737592	0.20623650189881296	0.16833189239903945	0.2649704240657375	0.45230137440420354	0.21654002110517664	0.39699903501109274	0.2542594317434249	0.2397645947338223	0.22790083256091156	0.18593616520478579	0.23815183325467232	0.2197619461897378	0.2390599306811292	0.15505465625910736	0.15464520806073684	0.21515844683203048	0.17606640598182755	0.1864639166314384	0.22505767876139673	0.15118254284137683	0.2517430384131253	0.15501599171815708	0.15258042163683078	0.1474007716607171	0.18845177227804125	0.5168638946116175	0.5967275777127956	0.18173397236449199	0.147929915885297	0.2606340831010986	0.13207013975882015
UNKGMB25	0.07877555900541315	0.1484974591418882	0.12984186877122625	0.13148175689226807	0.1126674902520299	0.19329763100896707	0.08212400787012109	0.1354592198879342	0.11782788500776796	0.10928841997881841	0.15452770370018243	0.0761446913695887	0.07864282033470744	0.1397435722384447	0.15668469416392367	0.12438677149836062	0.22173933952221886	0.13518835176727775	0.23785501358203212	0.0	0.17987138511648876	0.2333452928489026	0.09756307200951148	0.15556910427692774	0.14860394158349985	0.34028655876069264	0.16270207631020975	0.38032623547171307	0.21728799282144853	0.0980291514715739	0.2573503686018848	0.20109000001058014	0.07949245082573428	0.21512890713779348	0.08318041488728178	0.1135005085332545	0.13444952680835887	0.2136376653442278	0.2017776595866558	0.08458400515449187	0.14362095932676716	0.14932122070404485	0.18586405924243757	0.27723923999000194	0.20252486035013414	0.08836818831156613	0.22439876762621702	0.22477935885972025	0.1375327919539067	0.11484868967347528	0.12466914521330183	0.07409492556781368	0.2989955853271443	0.2681118044977359	0.21625189714551016	0.2330444732252671	0.2360227495036039	0.23493079764896926	0.24189549790983128	0.29820717842154937	0.23189855997076086	0.22715490374595163	0.2701611596579969	0.22830431915007723	0.2740952034308123	0.18482772133708927	0.23008198922003806	0.23986305366900768	0.2085554055881638	0.11362819536109484	0.26740103148934596	0.15347534529998666	0.4724653727524816	0.32764251713824993	0.41452452507018794	0.09345306049377064	0.12396669827687341	0.0795863156947342	0.2032287849695024	0.12910631265540468	0.12983012157066973	0.1800914123061962	0.27689022015432446	0.18630660111365416	0.1461646542339073	0.2792418970915848	0.21145503249177622	0.1586594859748779	0.21706093543757737	0.3471151569771603	0.20821321477762886	0.2543379720009717	0.23700251529901112	0.30301132249376667	0.47270026554520717	0.5709596868863915	0.19580917688513197	0.23962073959822533	0.3297028246401975	0.2443485529684567
