	St_Patrick	Abita	Callopie	Alana	Unknown	Dyani	Nyx	Ariadne	Luna	Minerva	Jordan	Corey	Theodora	Bathsheba	Odysseus	Ivy	Ivanhoe	Octavia	Unknown_G2.3	Unknown_G2.2	Wings	Orf	Juniper	Azalea	Mimosa	Agate	Zanahoria	Rambo_II	Siobhan	Unknown_G2.1	Talia	URG.1	URG.10	URG.11	URG.12	URG.13	URG.14	URG.2	URG.3	URG.4	URG.5	URG.6	URG.7	URG.8	URG.9
St_Patrick	0.0	0.4340876872492423	0.4323138076662035	0.43820126234776846	0.44755944017498545	0.4445134265387502	0.44388374255783025	0.4796641376408707	0.46174310794267687	0.4434299642200415	0.45154358704265674	0.47804635209163715	0.41865509541043083	0.423684800933632	0.4567515903848387	0.4331843031074281	0.46127614672772527	0.48758147505320243	0.43244979222723173	0.4547550161630826	0.4793807660961951	0.4772917873933096	0.5026965611353791	0.4824492123782192	0.5097986698860831	0.49041295117762634	0.47649105902391986	0.44281438934201656	0.4531329970278329	0.4445893432869872	0.4811425883234106	0.43834708705368375	0.5816454132972934	0.45878275212050745	0.4594432451959757	0.4299989213149789	0.4490226530564805	0.4625898770123799	0.4390277073059795	0.44796389247832785	0.44578202904948583	0.47213311292796095	0.40872197277558864	0.4537470930979885	0.45731092783856675
Abita	0.4340876872492423	0.0	0.3597731506605163	0.404465571064702	0.3888970149897869	0.3770070016891777	0.4742159606204308	0.414954937163353	0.43426992984499385	0.4173943028123358	0.39251021071289505	0.4173940434690403	0.42013814876003347	0.4026101026970081	0.4231064979116661	0.3998678211778037	0.48752055143201756	0.425162186610088	0.4149986494993823	0.44241725343411187	0.41063730807561283	0.4158619743518688	0.39915911474688576	0.4119277236729817	0.4650598513175056	0.4606450098491867	0.41559992618896574	0.4053559075895595	0.4516848728251269	0.4462341286965116	0.4105506253326906	0.43517085102249947	0.5886814293814256	0.4315834859487816	0.39651048847757137	0.39863757338971945	0.3936802220265434	0.4063125822157021	0.42482577109773123	0.4388604727917143	0.42000999150179186	0.4431570475199567	0.4246876485592568	0.42699924012388174	0.4368824766577251
Callopie	0.4323138076662035	0.3597731506605163	0.0	0.4152444207870475	0.38078486300782355	0.3519173398485058	0.4562670655944795	0.41562757222477276	0.41817043474822946	0.44512176679814164	0.41781528495234554	0.437980822614348	0.3992649555294652	0.41396117838779084	0.4031687448683685	0.4077830428860945	0.4796599173297432	0.4394692462767077	0.4223302515188994	0.4261491834028384	0.4193943994881751	0.4186996076950598	0.39959729179379555	0.4130244101895139	0.4457687255946843	0.4170650119705283	0.3953617082863267	0.3874748037240354	0.45998028641537464	0.4373537887484666	0.42879283416479125	0.41109523645863505	0.598103323579908	0.4214733448043605	0.38413273382034896	0.39918102498776203	0.4057456354458342	0.40618465360399114	0.4268672714833191	0.44652441200182924	0.4058251923265774	0.42327173934594176	0.40002448629020365	0.4020714267032825	0.41793464449759343
Alana	0.43820126234776846	0.404465571064702	0.4152444207870475	0.0	0.4258770722433845	0.44544558828645564	0.47152157646491705	0.4391023799744774	0.45607482371322017	0.4778026009541891	0.40949287036149296	0.446693244715031	0.4599399056952846	0.4313030329980387	0.42265600302820433	0.4377877867036101	0.49325239158269113	0.45213687482578263	0.449027810290443	0.47191026393307056	0.44459902553951786	0.4538520446834429	0.4581798500526467	0.43145648608044374	0.4575001784474031	0.4872361191497251	0.4149543628140622	0.39834796111233484	0.4662234387621343	0.44314931675618907	0.46907911808364494	0.41707083468022477	0.5649973939607971	0.4175425856562067	0.40576160141473483	0.4415246604529807	0.42870249675458816	0.4437672455960169	0.4434204657586418	0.440722166290736	0.45098667358861727	0.43185854370718063	0.4494855866565457	0.39994514125510383	0.44729713098764007
Unknown	0.44755944017498545	0.3888970149897869	0.38078486300782355	0.4258770722433845	0.0	0.3306956656284525	0.4485315178874749	0.43592268114748456	0.4338482861920153	0.4645118614336705	0.42353756788890323	0.44294247937940856	0.410280658068431	0.4102346581283907	0.43355086767347384	0.44393565758581477	0.48095239928686795	0.4478912623410888	0.43385606568348073	0.4315651483824505	0.46387659022860334	0.452566112109118	0.4579697823386967	0.44098854920990327	0.4572173905306835	0.45489322689012657	0.42109403315527627	0.4009664559540036	0.48325234545681667	0.45285073224843664	0.45468792454163925	0.43925835859011725	0.6026800267745847	0.44094412506748315	0.4292653049325797	0.42937012204206937	0.4296562048842968	0.40206265625627013	0.45914254395376397	0.46489887085041315	0.44909683497012015	0.4305360552100316	0.4389054128544804	0.422025969091015	0.45601785509533177
Dyani	0.4445134265387502	0.3770070016891777	0.3519173398485058	0.44544558828645564	0.3306956656284525	0.0	0.4641222065485345	0.42699667449014767	0.43764172423962916	0.4360221152429264	0.4500323497837025	0.4405629921794048	0.392311018526757	0.4175349145506857	0.43438825264965497	0.4016170166895355	0.4829892416870685	0.4676436038139643	0.4296533809039032	0.44052569266765135	0.4332753561825748	0.43796213463651656	0.4327314378413214	0.44190137431135434	0.47785534374680305	0.44233710811840177	0.42911396185822415	0.4141011471939636	0.4706177694255442	0.4446018300513908	0.4492641242147746	0.4287600394503338	0.5951101400026122	0.42444263682334304	0.43039725103850884	0.42955010201002974	0.42230206737436066	0.41976451808740817	0.45965213935778215	0.44174015710393433	0.4532344414774631	0.43939331447443447	0.43588312906440124	0.41944350512634976	0.43769332909831715
Nyx	0.44388374255783025	0.4742159606204308	0.4562670655944795	0.47152157646491705	0.4485315178874749	0.4641222065485345	0.0	0.4667533665315481	0.4791110815498394	0.5105525344860353	0.4492350583791375	0.4662071017925567	0.4242987306968297	0.4274200047821169	0.4325346508147451	0.47457676198380083	0.4560920857526787	0.4742772580362849	0.4292449552795931	0.47488509938523604	0.4700233502294563	0.4868401612893953	0.5157769345050893	0.47843891727792964	0.47425885982719473	0.48559786036807345	0.49812096229418173	0.4812202048159605	0.4493910710613408	0.4656601275989041	0.4765308891505013	0.4596844122994133	0.6110414191799461	0.4678970488976739	0.4650160497835078	0.4491003175856788	0.4877879596712365	0.4880234920069751	0.46752022655120085	0.45804389526707395	0.4689064732929455	0.4869791599505913	0.46177384923775794	0.44290674092682775	0.47567947433387237
Ariadne	0.4796641376408707	0.414954937163353	0.41562757222477276	0.4391023799744774	0.43592268114748456	0.42699667449014767	0.4667533665315481	0.0	0.449430905468777	0.43441594006845535	0.4257669802076063	0.38957998633880125	0.40371646537038813	0.42911052133050726	0.4192949482062121	0.4036008809324403	0.4948199624087081	0.41652555790228285	0.4474641506930493	0.43474030355069904	0.411769851593571	0.41908948204869306	0.42327885976797436	0.4090599794892195	0.4430069991030299	0.45850000810245267	0.4009469430776014	0.4115104731254524	0.45200450151282534	0.44782008038625687	0.4176671417187549	0.3813254371309505	0.5975966640510032	0.39382058698676614	0.3722751182192116	0.41017590045653024	0.3763755700525092	0.3927810100722317	0.4138530475984567	0.41808962513944276	0.38636998319106886	0.41777686862799407	0.4311988358659731	0.38398476756523703	0.4040786137181284
Luna	0.46174310794267687	0.43426992984499385	0.41817043474822946	0.45607482371322017	0.4338482861920153	0.43764172423962916	0.4791110815498394	0.449430905468777	0.0	0.4720996228100262	0.42428334763432574	0.40650936280781313	0.440866839514953	0.42897410993747614	0.418713498256033	0.4524841864885285	0.48287719617619307	0.44140809154609667	0.4296060111158775	0.43927543311895434	0.4444818710230341	0.45636250617215596	0.43297499294307656	0.4687827014507504	0.4511459204396855	0.4455819348955309	0.4437324876966388	0.41993157361975136	0.4805102822818661	0.4495014385267985	0.4863384831627815	0.4230164586624504	0.6017801066069293	0.4319527610023878	0.42933283946933115	0.40852569240176806	0.4424263324657121	0.4302985281629834	0.4379484171138329	0.4471682337585944	0.4176089944844123	0.42703096529137363	0.4094899463314377	0.4106437877762085	0.45731174410587316
Minerva	0.4434299642200415	0.4173943028123358	0.44512176679814164	0.4778026009541891	0.4645118614336705	0.4360221152429264	0.5105525344860353	0.43441594006845535	0.4720996228100262	0.0	0.4277129779514952	0.4290924117805423	0.3905631772967818	0.438308325851802	0.47783067500016785	0.39766540142649165	0.5028510241254994	0.481690589118107	0.4570598521930464	0.42205322820681396	0.438796446749027	0.4343809222293608	0.4164444316983305	0.46076220096738	0.4930387374236455	0.45809420556698777	0.4761108740738764	0.4582210577870852	0.4488528894007898	0.47265117647418836	0.4183859325238045	0.4557997724478455	0.6099889284947881	0.45077354528951336	0.459604795952905	0.4432296274717436	0.42768882308623396	0.4367539148000067	0.44493729009497607	0.43247065499201853	0.4463650676979123	0.46463266837025907	0.43963081655958636	0.4477985549668903	0.43826957429932467
Jordan	0.45154358704265674	0.39251021071289505	0.41781528495234554	0.40949287036149296	0.42353756788890323	0.4500323497837025	0.4492350583791375	0.4257669802076063	0.42428334763432574	0.4277129779514952	0.0	0.40856955290701097	0.39928539473334856	0.4404835718746419	0.4142786607500665	0.4222939914364897	0.4982239858841632	0.39977893187313124	0.40240166139130984	0.44068562890931967	0.4404350777511917	0.43158150607189577	0.4490911560059933	0.43909522330739553	0.4315570609139256	0.46019857492615013	0.40849297867913664	0.41741376062019975	0.4589762130601301	0.46052674029877433	0.41957305613781587	0.41588993586002726	0.5659063124419623	0.43525411939740516	0.414057317602323	0.4115172812326232	0.42181442638450445	0.41410223678052804	0.42340285182060144	0.4223107825033177	0.41596489977613726	0.4413005274808518	0.417859163909793	0.42281266731905365	0.46271353745223914
Corey	0.47804635209163715	0.4173940434690403	0.437980822614348	0.446693244715031	0.44294247937940856	0.4405629921794048	0.4662071017925567	0.38957998633880125	0.40650936280781313	0.4290924117805423	0.40856955290701097	0.0	0.4300197218840577	0.4173644379431416	0.4319899687734315	0.3972000370756745	0.5089329105242513	0.42498257977269704	0.44811932230054996	0.40738913299671536	0.42399890457292977	0.4104816941036894	0.4124859467548869	0.3914173312824365	0.4425384766012536	0.43884080215381305	0.41704044014547026	0.4221676214634904	0.4535712302626068	0.42237216943080313	0.42332253737900266	0.4186169244755513	0.5796918072329178	0.39866527908227617	0.39295246251510996	0.3922167986844003	0.40052438931408296	0.3959078073316326	0.4194536999366925	0.43757520425934954	0.41613882983170275	0.41527705693967587	0.44434451676401937	0.40862362843575806	0.4056093415197603
Theodora	0.41865509541043083	0.42013814876003347	0.3992649555294652	0.4599399056952846	0.410280658068431	0.392311018526757	0.4242987306968297	0.40371646537038813	0.440866839514953	0.3905631772967818	0.39928539473334856	0.4300197218840577	0.0	0.4133763318100277	0.4406310672311401	0.384482089758832	0.454929647253533	0.4557773926457554	0.40292981799158917	0.4630805093052442	0.41386928262361267	0.4308980332847053	0.45048444288167766	0.43907163100389723	0.46704929508937876	0.4229520190757206	0.4442639938117601	0.4264852378647841	0.4237309774754646	0.4525835616495329	0.4150394735339527	0.37469938376436135	0.5785409028305184	0.42229525349493363	0.42937198446675306	0.41415693109527957	0.4336264483495108	0.42206021691659296	0.43259020264233644	0.4165579740414055	0.4295430743353836	0.45357619380799424	0.41706931134619	0.3966599835339646	0.4368011256485929
Bathsheba	0.423684800933632	0.4026101026970081	0.41396117838779084	0.4313030329980387	0.4102346581283907	0.4175349145506857	0.4274200047821169	0.42911052133050726	0.42897410993747614	0.438308325851802	0.4404835718746419	0.4173644379431416	0.4133763318100277	0.0	0.40378810537137294	0.40252045933540703	0.44506514863410995	0.42102175499150224	0.3913282217589614	0.43430625545340673	0.4372925391541797	0.4538392959685495	0.44189730488208756	0.4199690549626869	0.45607819125810606	0.44252926611010396	0.4227691239228534	0.39972141871288475	0.46813494186393123	0.4376570665680499	0.45606889811763607	0.414608434966763	0.6017902928866903	0.4092385796460573	0.3991696042467985	0.4013838144578181	0.42069313134835173	0.42900767448874033	0.40172062830913313	0.4301399848014785	0.41025646459774984	0.4082871099166421	0.4040753310850607	0.40126559580950555	0.39856036012694385
Odysseus	0.4567515903848387	0.4231064979116661	0.4031687448683685	0.42265600302820433	0.43355086767347384	0.43438825264965497	0.4325346508147451	0.4192949482062121	0.418713498256033	0.47783067500016785	0.4142786607500665	0.4319899687734315	0.4406310672311401	0.40378810537137294	0.0	0.4329327292136925	0.47845345711290715	0.33242008590759625	0.4488494854693282	0.4328173072662519	0.4517439360140966	0.4377907625709661	0.43221555043440824	0.40345673998761467	0.44468122292743273	0.44496752821883107	0.4030771654437486	0.3804434605282029	0.49546126053020983	0.41164529006253164	0.44558240749731637	0.4007014281075656	0.6017256542805373	0.4421470121494215	0.38672345647490797	0.42137900043767235	0.4129904512934555	0.41485160013556466	0.39904061185665674	0.43705227701745225	0.4099882924344164	0.45485705864986775	0.44470695317657977	0.40443507538204077	0.42499025029222437
Ivy	0.4331843031074281	0.3998678211778037	0.4077830428860945	0.4377877867036101	0.44393565758581477	0.4016170166895355	0.47457676198380083	0.4036008809324403	0.4524841864885285	0.39766540142649165	0.4222939914364897	0.3972000370756745	0.384482089758832	0.40252045933540703	0.4329327292136925	0.0	0.4792144587022857	0.42757550052688226	0.42508167740975206	0.43982405551381726	0.4258646864335816	0.4194811145706207	0.42569292502282635	0.42484482225749454	0.47179541560503263	0.4415631767961191	0.40583474385104035	0.4008371135749112	0.4513160157558083	0.4078794876616726	0.39778668087678615	0.3985289875485457	0.5822956064430986	0.44473730790175836	0.38917297341347634	0.4014965195415714	0.36000157047637943	0.40988684753185506	0.3889300966740608	0.41057748741836053	0.41421696917686	0.4490797100467914	0.42643912149102164	0.3973255670963907	0.4196609699774705
Ivanhoe	0.46127614672772527	0.48752055143201756	0.4796599173297432	0.49325239158269113	0.48095239928686795	0.4829892416870685	0.4560920857526787	0.4948199624087081	0.48287719617619307	0.5028510241254994	0.4982239858841632	0.5089329105242513	0.454929647253533	0.44506514863410995	0.47845345711290715	0.4792144587022857	0.0	0.501386472068217	0.4499571284349841	0.48171760877472725	0.4794809285303233	0.48872902358684295	0.4925000545219776	0.48474378648017813	0.4816353517134796	0.46425559090745944	0.5102641056573085	0.4550593035419876	0.46390468263978585	0.490476716133144	0.5075369102549211	0.4733033218915173	0.6317975725631835	0.49035626415774086	0.4827597785875888	0.46794743230239527	0.49955894110532456	0.49240169398746475	0.46111625544497165	0.48306471620519675	0.4916882984643874	0.4885792175344943	0.48043112187840753	0.4672021717209766	0.47648899443166315
Octavia	0.48758147505320243	0.425162186610088	0.4394692462767077	0.45213687482578263	0.4478912623410888	0.4676436038139643	0.4742772580362849	0.41652555790228285	0.44140809154609667	0.481690589118107	0.39977893187313124	0.42498257977269704	0.4557773926457554	0.42102175499150224	0.33242008590759625	0.42757550052688226	0.501386472068217	0.0	0.4553366018536695	0.44437502668418094	0.46430732523340434	0.4678725937023422	0.4438087738179982	0.4178745780740708	0.4396539939990792	0.4714938914527349	0.3842508921623932	0.3792229674012865	0.5026575423273311	0.42107821480815283	0.4453728491479001	0.4019517950163085	0.5998571313795648	0.46744606742107464	0.3807764216980134	0.4295841926869663	0.41789995808040536	0.4094757865739621	0.3933559341700525	0.42965740208894043	0.4078049481449639	0.46062338772651445	0.4169070829502793	0.3904639464322839	0.43876447562898213
Unknown_G2.3	0.43244979222723173	0.4149986494993823	0.4223302515188994	0.449027810290443	0.43385606568348073	0.4296533809039032	0.4292449552795931	0.4474641506930493	0.4296060111158775	0.4570598521930464	0.40240166139130984	0.44811932230054996	0.40292981799158917	0.3913282217589614	0.4488494854693282	0.42508167740975206	0.4499571284349841	0.4553366018536695	0.0	0.41714277657591353	0.4249599492438868	0.44331771836326095	0.45985031940513854	0.41715892926211834	0.4190102418110513	0.45056828306617325	0.42652475795838285	0.40356814429280374	0.43815682377369414	0.4490565093866352	0.4398363644929559	0.4072265152917581	0.5756760403312653	0.42302547961953374	0.410844832657888	0.4115836537329304	0.4211004340018732	0.4281843612967236	0.41831553414270434	0.39624220033955104	0.411230467474003	0.42252688008315026	0.39013312552537693	0.38975048364187637	0.429810154996117
Unknown_G2.2	0.4547550161630826	0.44241725343411187	0.4261491834028384	0.47191026393307056	0.4315651483824505	0.44052569266765135	0.47488509938523604	0.43474030355069904	0.43927543311895434	0.42205322820681396	0.44068562890931967	0.40738913299671536	0.4630805093052442	0.43430625545340673	0.4328173072662519	0.43982405551381726	0.48171760877472725	0.44437502668418094	0.41714277657591353	0.0	0.4141101921035708	0.38764867383054685	0.38798217418010805	0.39837204422563355	0.44732623558797746	0.44437273633961466	0.4360477128360896	0.4011641202699033	0.4164357146084775	0.41042783977496194	0.416194855299081	0.43520107942094616	0.5883097964534904	0.41310133521138176	0.422357256220014	0.4124009614176282	0.4216671566780723	0.45230956115664517	0.421846432753025	0.4467649955675232	0.4087717880595509	0.4381358807582457	0.41490666285684163	0.42924408516483076	0.4256505228735875
Wings	0.4793807660961951	0.41063730807561283	0.4193943994881751	0.44459902553951786	0.46387659022860334	0.4332753561825748	0.4700233502294563	0.411769851593571	0.4444818710230341	0.438796446749027	0.4404350777511917	0.42399890457292977	0.41386928262361267	0.4372925391541797	0.4517439360140966	0.4258646864335816	0.4794809285303233	0.46430732523340434	0.4249599492438868	0.4141101921035708	0.0	0.423847698477522	0.36349276890253734	0.40639555993196647	0.4675306406950713	0.4344927083389189	0.44328296185278965	0.4168344698278963	0.3980297475585636	0.44981300119936113	0.4203850162620627	0.42177282249879494	0.5789826134277731	0.44064987236173403	0.4239457530462959	0.4012674039908232	0.411918274974559	0.42839558668819594	0.4361852494321958	0.4289006074044561	0.4110311229457225	0.4294855649416815	0.42637415918397736	0.42979986925325875	0.4370696046397835
Orf	0.4772917873933096	0.4158619743518688	0.4186996076950598	0.4538520446834429	0.452566112109118	0.43796213463651656	0.4868401612893953	0.41908948204869306	0.45636250617215596	0.4343809222293608	0.43158150607189577	0.4104816941036894	0.4308980332847053	0.4538392959685495	0.4377907625709661	0.4194811145706207	0.48872902358684295	0.4678725937023422	0.44331771836326095	0.38764867383054685	0.423847698477522	0.0	0.39894464195428436	0.3729652676267099	0.4647977545402205	0.4339263525234033	0.43632280431442055	0.397390514270115	0.39502521717715283	0.4384499341473448	0.4004701321647937	0.4212100087441984	0.5536971566941412	0.4524067521969409	0.4275285498434874	0.4035311888472644	0.4031492982627346	0.43170235894402215	0.42064417833227363	0.4457453781870435	0.42616274509044144	0.45645239328326126	0.448831793509619	0.4204846630423477	0.42421093134866605
Juniper	0.5026965611353791	0.39915911474688576	0.39959729179379555	0.4581798500526467	0.4579697823386967	0.4327314378413214	0.5157769345050893	0.42327885976797436	0.43297499294307656	0.4164444316983305	0.4490911560059933	0.4124859467548869	0.45048444288167766	0.44189730488208756	0.43221555043440824	0.42569292502282635	0.4925000545219776	0.4438087738179982	0.45985031940513854	0.38798217418010805	0.36349276890253734	0.39894464195428436	0.0	0.39945000244617673	0.4527040884085299	0.41514881029395917	0.4135109862259741	0.394432279484213	0.4377335708044314	0.4305587612092206	0.41866147063461057	0.42495764049990514	0.5919704322139854	0.4215099514562408	0.4149400430599963	0.41291181188664955	0.3854169998706822	0.40576347653689515	0.42785027970124684	0.45521722373557344	0.4142730911603883	0.4218901170254017	0.43677311071243474	0.4050952951025488	0.43075966275001737
Azalea	0.4824492123782192	0.4119277236729817	0.4130244101895139	0.43145648608044374	0.44098854920990327	0.44190137431135434	0.47843891727792964	0.4090599794892195	0.4687827014507504	0.46076220096738	0.43909522330739553	0.3914173312824365	0.43907163100389723	0.4199690549626869	0.40345673998761467	0.42484482225749454	0.48474378648017813	0.4178745780740708	0.41715892926211834	0.39837204422563355	0.40639555993196647	0.3729652676267099	0.39945000244617673	0.0	0.4057646800396691	0.44416351777407426	0.37825830318067205	0.3747717126876427	0.4537499449250819	0.4333729408017406	0.40146166839888003	0.42443358615850446	0.5671720294803133	0.4439127306379215	0.4126612172325939	0.40797589001894674	0.4020328968044622	0.4226473807588712	0.40458676291196455	0.43210847775581585	0.4424138202280894	0.440846060466822	0.44189116023051866	0.4114092955726423	0.42336288688560236
Mimosa	0.5097986698860831	0.4650598513175056	0.4457687255946843	0.4575001784474031	0.4572173905306835	0.47785534374680305	0.47425885982719473	0.4430069991030299	0.4511459204396855	0.4930387374236455	0.4315570609139256	0.4425384766012536	0.46704929508937876	0.45607819125810606	0.44468122292743273	0.47179541560503263	0.4816353517134796	0.4396539939990792	0.4190102418110513	0.44732623558797746	0.4675306406950713	0.4647977545402205	0.4527040884085299	0.4057646800396691	0.0	0.4680401146328036	0.40750435566114473	0.4240829182627035	0.5154316450192972	0.4741419435713684	0.4601196437594275	0.4167054741371711	0.5653213303839902	0.44968547077833637	0.42785327937346745	0.4518596171265012	0.4445649924182179	0.43320787083476753	0.43217654341396605	0.46522921577002485	0.4402537593018539	0.4404215476765541	0.46987493022427873	0.44380322566559105	0.44712170214473207
Agate	0.49041295117762634	0.4606450098491867	0.4170650119705283	0.4872361191497251	0.45489322689012657	0.44233710811840177	0.48559786036807345	0.45850000810245267	0.4455819348955309	0.45809420556698777	0.46019857492615013	0.43884080215381305	0.4229520190757206	0.44252926611010396	0.44496752821883107	0.4415631767961191	0.46425559090745944	0.4714938914527349	0.45056828306617325	0.44437273633961466	0.4344927083389189	0.4339263525234033	0.41514881029395917	0.44416351777407426	0.4680401146328036	0.0	0.461118025103287	0.43289350686139594	0.4572467012003539	0.43722346548019153	0.4581698135630442	0.4451097727878695	0.6199174580754877	0.4518467309145935	0.4379793882792725	0.43416207338144647	0.4537353737530569	0.418859387164871	0.43937177876393774	0.4570636419983071	0.4256509771381586	0.4509858723130723	0.4371732212971207	0.4452465637408743	0.4052954103116394
Zanahoria	0.47649105902391986	0.41559992618896574	0.3953617082863267	0.4149543628140622	0.42109403315527627	0.42911396185822415	0.49812096229418173	0.4009469430776014	0.4437324876966388	0.4761108740738764	0.40849297867913664	0.41704044014547026	0.4442639938117601	0.4227691239228534	0.4030771654437486	0.40583474385104035	0.5102641056573085	0.3842508921623932	0.42652475795838285	0.4360477128360896	0.44328296185278965	0.43632280431442055	0.4135109862259741	0.37825830318067205	0.40750435566114473	0.461118025103287	0.0	0.3589971333778455	0.4923339426588043	0.39501911676905427	0.42550647960915333	0.38927594818729094	0.5406477809875224	0.42583818192427497	0.36746166105687017	0.3970026155657333	0.36856813257942683	0.38559913921595634	0.3811572283710458	0.40144546235860185	0.3646988195315983	0.41288314339375665	0.41925132204971044	0.3700615574394355	0.4040521474749204
Rambo_II	0.44281438934201656	0.4053559075895595	0.3874748037240354	0.39834796111233484	0.4009664559540036	0.4141011471939636	0.4812202048159605	0.4115104731254524	0.41993157361975136	0.4582210577870852	0.41741376062019975	0.4221676214634904	0.4264852378647841	0.39972141871288475	0.3804434605282029	0.4008371135749112	0.4550593035419876	0.3792229674012865	0.40356814429280374	0.4011641202699033	0.4168344698278963	0.397390514270115	0.394432279484213	0.3747717126876427	0.4240829182627035	0.43289350686139594	0.3589971333778455	0.0	0.4579591883655853	0.40655244973449944	0.41777676560996135	0.3997711061225415	0.5701370437201964	0.43238542348196024	0.36302074687788033	0.4059271697039168	0.3850265500094976	0.3908533345132744	0.37875037578253323	0.4102683833723418	0.3852091515120759	0.4263644436883417	0.43358800619682497	0.3596838334843978	0.4244903536956527
Siobhan	0.4531329970278329	0.4516848728251269	0.45998028641537464	0.4662234387621343	0.48325234545681667	0.4706177694255442	0.4493910710613408	0.45200450151282534	0.4805102822818661	0.4488528894007898	0.4589762130601301	0.4535712302626068	0.4237309774754646	0.46813494186393123	0.49546126053020983	0.4513160157558083	0.46390468263978585	0.5026575423273311	0.43815682377369414	0.4164357146084775	0.3980297475585636	0.39502521717715283	0.4377335708044314	0.4537499449250819	0.5154316450192972	0.4572467012003539	0.4923339426588043	0.4579591883655853	0.0	0.4620352889112864	0.41636542697263523	0.43271181409602744	0.5839851438540884	0.4347320461567917	0.4673285802257965	0.43012695962817793	0.4503351644721327	0.4627626061041394	0.45497227757281894	0.4451374979269198	0.4498078750995261	0.43089481120274564	0.4113229982879814	0.4548480366932228	0.4569644290428444
Unknown_G2.1	0.4445893432869872	0.4462341286965116	0.4373537887484666	0.44314931675618907	0.45285073224843664	0.4446018300513908	0.4656601275989041	0.44782008038625687	0.4495014385267985	0.47265117647418836	0.46052674029877433	0.42237216943080313	0.4525835616495329	0.4376570665680499	0.41164529006253164	0.4078794876616726	0.490476716133144	0.42107821480815283	0.4490565093866352	0.41042783977496194	0.44981300119936113	0.4384499341473448	0.4305587612092206	0.4333729408017406	0.4741419435713684	0.43722346548019153	0.39501911676905427	0.40655244973449944	0.4620352889112864	0.0	0.4220216093092251	0.41171257413683476	0.5729586380626746	0.42644468481559217	0.4078469001368785	0.41982918796385005	0.39394386563349443	0.4384542232999519	0.40579247395735296	0.4427630578868998	0.41136803653972975	0.4329539276115181	0.4279477248057455	0.40679899953507664	0.4239805733471189
Talia	0.4811425883234106	0.4105506253326906	0.42879283416479125	0.46907911808364494	0.45468792454163925	0.4492641242147746	0.4765308891505013	0.4176671417187549	0.4863384831627815	0.4183859325238045	0.41957305613781587	0.42332253737900266	0.4150394735339527	0.45606889811763607	0.44558240749731637	0.39778668087678615	0.5075369102549211	0.4453728491479001	0.4398363644929559	0.416194855299081	0.4203850162620627	0.4004701321647937	0.41866147063461057	0.40146166839888003	0.4601196437594275	0.4581698135630442	0.42550647960915333	0.41777676560996135	0.41636542697263523	0.4220216093092251	0.0	0.41683125870234566	0.5899215876464547	0.4601252621073559	0.4137835884371934	0.42679997225126126	0.411619929994207	0.42247964752503053	0.4296263069179599	0.41126956643661833	0.4043605785017069	0.44534007632413203	0.44531772320001195	0.41626279960973833	0.43087700393758477
URG.1	0.43834708705368375	0.43517085102249947	0.41109523645863505	0.41707083468022477	0.43925835859011725	0.4287600394503338	0.4596844122994133	0.3813254371309505	0.4230164586624504	0.4557997724478455	0.41588993586002726	0.4186169244755513	0.37469938376436135	0.414608434966763	0.4007014281075656	0.3985289875485457	0.4733033218915173	0.4019517950163085	0.4072265152917581	0.43520107942094616	0.42177282249879494	0.4212100087441984	0.42495764049990514	0.42443358615850446	0.4167054741371711	0.4451097727878695	0.38927594818729094	0.3997711061225415	0.43271181409602744	0.41171257413683476	0.41683125870234566	0.0	0.5520071350104233	0.38048161879288334	0.3774874298456805	0.37338990997873095	0.37960600087658863	0.3596632843690173	0.3704789806840308	0.3486855944306728	0.37880907388496576	0.3920585413095175	0.37211429884786273	0.3550477013892596	0.3576972075564669
URG.10	0.5816454132972934	0.5886814293814256	0.598103323579908	0.5649973939607971	0.6026800267745847	0.5951101400026122	0.6110414191799461	0.5975966640510032	0.6017801066069293	0.6099889284947881	0.5659063124419623	0.5796918072329178	0.5785409028305184	0.6017902928866903	0.6017256542805373	0.5822956064430986	0.6317975725631835	0.5998571313795648	0.5756760403312653	0.5883097964534904	0.5789826134277731	0.5536971566941412	0.5919704322139854	0.5671720294803133	0.5653213303839902	0.6199174580754877	0.5406477809875224	0.5701370437201964	0.5839851438540884	0.5729586380626746	0.5899215876464547	0.5520071350104233	0.0	0.573144829138274	0.5779159971288733	0.5762232840859196	0.5726328733652043	0.5996811401077216	0.5525442857171396	0.5716237269024299	0.5545751013726238	0.5789942965277846	0.5693429988590789	0.5667782704140698	0.5850788705149855
URG.11	0.45878275212050745	0.4315834859487816	0.4214733448043605	0.4175425856562067	0.44094412506748315	0.42444263682334304	0.4678970488976739	0.39382058698676614	0.4319527610023878	0.45077354528951336	0.43525411939740516	0.39866527908227617	0.42229525349493363	0.4092385796460573	0.4421470121494215	0.44473730790175836	0.49035626415774086	0.46744606742107464	0.42302547961953374	0.41310133521138176	0.44064987236173403	0.4524067521969409	0.4215099514562408	0.4439127306379215	0.44968547077833637	0.4518467309145935	0.42583818192427497	0.43238542348196024	0.4347320461567917	0.42644468481559217	0.4601252621073559	0.38048161879288334	0.573144829138274	0.0	0.4039080984726682	0.36550920438722706	0.38427590243706344	0.4223403937480369	0.4209597713493031	0.4064351797511635	0.39466774532608667	0.32761203500612984	0.4033697656498342	0.41434365338750107	0.39155282933683183
URG.12	0.4594432451959757	0.39651048847757137	0.38413273382034896	0.40576160141473483	0.4292653049325797	0.43039725103850884	0.4650160497835078	0.3722751182192116	0.42933283946933115	0.459604795952905	0.414057317602323	0.39295246251510996	0.42937198446675306	0.3991696042467985	0.38672345647490797	0.38917297341347634	0.4827597785875888	0.3807764216980134	0.410844832657888	0.422357256220014	0.4239457530462959	0.4275285498434874	0.4149400430599963	0.4126612172325939	0.42785327937346745	0.4379793882792725	0.36746166105687017	0.36302074687788033	0.4673285802257965	0.4078469001368785	0.4137835884371934	0.3774874298456805	0.5779159971288733	0.4039080984726682	0.0	0.38252394506417137	0.36189243810505073	0.3507913725423091	0.34692567362109705	0.36763099194487037	0.3191710494403579	0.3903813460705263	0.39632268240452706	0.345483898931889	0.37471262629762697
URG.13	0.4299989213149789	0.39863757338971945	0.39918102498776203	0.4415246604529807	0.42937012204206937	0.42955010201002974	0.4491003175856788	0.41017590045653024	0.40852569240176806	0.4432296274717436	0.4115172812326232	0.3922167986844003	0.41415693109527957	0.4013838144578181	0.42137900043767235	0.4014965195415714	0.46794743230239527	0.4295841926869663	0.4115836537329304	0.4124009614176282	0.4012674039908232	0.4035311888472644	0.41291181188664955	0.40797589001894674	0.4518596171265012	0.43416207338144647	0.3970026155657333	0.4059271697039168	0.43012695962817793	0.41982918796385005	0.42679997225126126	0.37338990997873095	0.5762232840859196	0.36550920438722706	0.38252394506417137	0.0	0.35906219422535784	0.37874897064785845	0.36670202197447754	0.3669857738172611	0.36175729810391605	0.40309792303891734	0.38069859386020466	0.380912314875096	0.393061174218174
URG.14	0.4490226530564805	0.3936802220265434	0.4057456354458342	0.42870249675458816	0.4296562048842968	0.42230206737436066	0.4877879596712365	0.3763755700525092	0.4424263324657121	0.42768882308623396	0.42181442638450445	0.40052438931408296	0.4336264483495108	0.42069313134835173	0.4129904512934555	0.36000157047637943	0.49955894110532456	0.41789995808040536	0.4211004340018732	0.4216671566780723	0.411918274974559	0.4031492982627346	0.3854169998706822	0.4020328968044622	0.4445649924182179	0.4537353737530569	0.36856813257942683	0.3850265500094976	0.4503351644721327	0.39394386563349443	0.411619929994207	0.37960600087658863	0.5726328733652043	0.38427590243706344	0.36189243810505073	0.35906219422535784	0.0	0.3573016535297395	0.37080943469921807	0.3843429115531221	0.36815067389265604	0.39162498336670076	0.39987626523514713	0.37759868278122083	0.39025547807673394
URG.2	0.4625898770123799	0.4063125822157021	0.40618465360399114	0.4437672455960169	0.40206265625627013	0.41976451808740817	0.4880234920069751	0.3927810100722317	0.4302985281629834	0.4367539148000067	0.41410223678052804	0.3959078073316326	0.42206021691659296	0.42900767448874033	0.41485160013556466	0.40988684753185506	0.49240169398746475	0.4094757865739621	0.4281843612967236	0.45230956115664517	0.42839558668819594	0.43170235894402215	0.40576347653689515	0.4226473807588712	0.43320787083476753	0.418859387164871	0.38559913921595634	0.3908533345132744	0.4627626061041394	0.4384542232999519	0.42247964752503053	0.3596632843690173	0.5996811401077216	0.4223403937480369	0.3507913725423091	0.37874897064785845	0.3573016535297395	0.0	0.39897015253330836	0.389122709931322	0.35581280592407394	0.40292563755017813	0.41656647559160687	0.37057995204652044	0.4023899860679409
URG.3	0.4390277073059795	0.42482577109773123	0.4268672714833191	0.4434204657586418	0.45914254395376397	0.45965213935778215	0.46752022655120085	0.4138530475984567	0.4379484171138329	0.44493729009497607	0.42340285182060144	0.4194536999366925	0.43259020264233644	0.40172062830913313	0.39904061185665674	0.3889300966740608	0.46111625544497165	0.3933559341700525	0.41831553414270434	0.421846432753025	0.4361852494321958	0.42064417833227363	0.42785027970124684	0.40458676291196455	0.43217654341396605	0.43937177876393774	0.3811572283710458	0.37875037578253323	0.45497227757281894	0.40579247395735296	0.4296263069179599	0.3704789806840308	0.5525442857171396	0.4209597713493031	0.34692567362109705	0.36670202197447754	0.37080943469921807	0.39897015253330836	0.0	0.33909847336957255	0.35391444634505426	0.41964136319274575	0.3907040097065669	0.3498360239969736	0.3826155895677994
URG.4	0.44796389247832785	0.4388604727917143	0.44652441200182924	0.440722166290736	0.46489887085041315	0.44174015710393433	0.45804389526707395	0.41808962513944276	0.4471682337585944	0.43247065499201853	0.4223107825033177	0.43757520425934954	0.4165579740414055	0.4301399848014785	0.43705227701745225	0.41057748741836053	0.48306471620519675	0.42965740208894043	0.39624220033955104	0.4467649955675232	0.4289006074044561	0.4457453781870435	0.45521722373557344	0.43210847775581585	0.46522921577002485	0.4570636419983071	0.40144546235860185	0.4102683833723418	0.4451374979269198	0.4427630578868998	0.41126956643661833	0.3486855944306728	0.5716237269024299	0.4064351797511635	0.36763099194487037	0.3669857738172611	0.3843429115531221	0.389122709931322	0.33909847336957255	0.0	0.36817949075535494	0.4051655875423702	0.375655988230579	0.38038326008894713	0.3857733496773792
URG.5	0.44578202904948583	0.42000999150179186	0.4058251923265774	0.45098667358861727	0.44909683497012015	0.4532344414774631	0.4689064732929455	0.38636998319106886	0.4176089944844123	0.4463650676979123	0.41596489977613726	0.41613882983170275	0.4295430743353836	0.41025646459774984	0.4099882924344164	0.41421696917686	0.4916882984643874	0.4078049481449639	0.411230467474003	0.4087717880595509	0.4110311229457225	0.42616274509044144	0.4142730911603883	0.4424138202280894	0.4402537593018539	0.4256509771381586	0.3646988195315983	0.3852091515120759	0.4498078750995261	0.41136803653972975	0.4043605785017069	0.37880907388496576	0.5545751013726238	0.39466774532608667	0.3191710494403579	0.36175729810391605	0.36815067389265604	0.35581280592407394	0.35391444634505426	0.36817949075535494	0.0	0.3823342012368796	0.3759711902463982	0.3771363997704201	0.37451616013303807
URG.6	0.47213311292796095	0.4431570475199567	0.42327173934594176	0.43185854370718063	0.4305360552100316	0.43939331447443447	0.4869791599505913	0.41777686862799407	0.42703096529137363	0.46463266837025907	0.4413005274808518	0.41527705693967587	0.45357619380799424	0.4082871099166421	0.45485705864986775	0.4490797100467914	0.4885792175344943	0.46062338772651445	0.42252688008315026	0.4381358807582457	0.4294855649416815	0.45645239328326126	0.4218901170254017	0.440846060466822	0.4404215476765541	0.4509858723130723	0.41288314339375665	0.4263644436883417	0.43089481120274564	0.4329539276115181	0.44534007632413203	0.3920585413095175	0.5789942965277846	0.32761203500612984	0.3903813460705263	0.40309792303891734	0.39162498336670076	0.40292563755017813	0.41964136319274575	0.4051655875423702	0.3823342012368796	0.0	0.3948462596747529	0.39583640749463556	0.39637569770778724
URG.7	0.40872197277558864	0.4246876485592568	0.40002448629020365	0.4494855866565457	0.4389054128544804	0.43588312906440124	0.46177384923775794	0.4311988358659731	0.4094899463314377	0.43963081655958636	0.417859163909793	0.44434451676401937	0.41706931134619	0.4040753310850607	0.44470695317657977	0.42643912149102164	0.48043112187840753	0.4169070829502793	0.39013312552537693	0.41490666285684163	0.42637415918397736	0.448831793509619	0.43677311071243474	0.44189116023051866	0.46987493022427873	0.4371732212971207	0.41925132204971044	0.43358800619682497	0.4113229982879814	0.4279477248057455	0.44531772320001195	0.37211429884786273	0.5693429988590789	0.4033697656498342	0.39632268240452706	0.38069859386020466	0.39987626523514713	0.41656647559160687	0.3907040097065669	0.375655988230579	0.3759711902463982	0.3948462596747529	0.0	0.40332138307679427	0.4086038305320693
URG.8	0.4537470930979885	0.42699924012388174	0.4020714267032825	0.39994514125510383	0.422025969091015	0.41944350512634976	0.44290674092682775	0.38398476756523703	0.4106437877762085	0.4477985549668903	0.42281266731905365	0.40862362843575806	0.3966599835339646	0.40126559580950555	0.40443507538204077	0.3973255670963907	0.4672021717209766	0.3904639464322839	0.38975048364187637	0.42924408516483076	0.42979986925325875	0.4204846630423477	0.4050952951025488	0.4114092955726423	0.44380322566559105	0.4452465637408743	0.3700615574394355	0.3596838334843978	0.4548480366932228	0.40679899953507664	0.41626279960973833	0.3550477013892596	0.5667782704140698	0.41434365338750107	0.345483898931889	0.380912314875096	0.37759868278122083	0.37057995204652044	0.3498360239969736	0.38038326008894713	0.3771363997704201	0.39583640749463556	0.40332138307679427	0.0	0.38787511782461215
URG.9	0.45731092783856675	0.4368824766577251	0.41793464449759343	0.44729713098764007	0.45601785509533177	0.43769332909831715	0.47567947433387237	0.4040786137181284	0.45731174410587316	0.43826957429932467	0.46271353745223914	0.4056093415197603	0.4368011256485929	0.39856036012694385	0.42499025029222437	0.4196609699774705	0.47648899443166315	0.43876447562898213	0.429810154996117	0.4256505228735875	0.4370696046397835	0.42421093134866605	0.43075966275001737	0.42336288688560236	0.44712170214473207	0.4052954103116394	0.4040521474749204	0.4244903536956527	0.4569644290428444	0.4239805733471189	0.43087700393758477	0.3576972075564669	0.5850788705149855	0.39155282933683183	0.37471262629762697	0.393061174218174	0.39025547807673394	0.4023899860679409	0.3826155895677994	0.3857733496773792	0.37451616013303807	0.39637569770778724	0.4086038305320693	0.38787511782461215	0.0
