	St_Patrick	Abita	Callopie	Alana	Unknown	Dyani	Nyx	Ariadne	Luna	Minerva	Jordan	Corey	Theodora	Bathsheba	Odysseus	Ivy	Ivanhoe	Octavia	Unknown_G2.3	Unknown_G2.2	Wings	Orf	Juniper	Azalea	Mimosa	Agate	Zanahoria	Rambo_II	Siobhan	Unknown_G2.1	Talia	URG.1	URG.10	URG.11	URG.12	URG.13	URG.14	URG.2	URG.3	URG.4	URG.5	URG.6	URG.7	URG.8	URG.9
St_Patrick	0.0	0.16348134648813534	0.21245369895654742	0.24673906121581396	0.2569392712995078	0.2498491755168421	0.21330416192274007	0.1859456676129929	0.2180972878708835	0.22204766548780455	0.28946909825556116	0.24798347556053305	0.2627864647208725	0.20514416426097423	0.27342403877143007	0.20708508605409529	0.22461512987121773	0.2518984659973466	0.18767698237881575	0.20265985903508302	0.20765685680781532	0.22858874218839464	0.19973233131890877	0.2457942340209904	0.24884179543668786	0.19386994217603543	0.24271894957097243	0.25833715426104675	0.19968127313061673	0.21009815034947585	0.27650272777327883	0.17554245999148507	0.32929854265446723	0.2029829214154808	0.2389655865155753	0.19693195227039537	0.20109835815824337	0.21698892972201284	0.16982826501775897	0.1711140736690227	0.21886792855013898	0.1951962436898188	0.18871790228769872	0.20184367419065366	0.17739562628554598
Abita	0.16348134648813534	0.0	0.1286956073982167	0.15984825103926836	0.1521378572756396	0.1340816623145278	0.17928142162525088	0.11382152164491306	0.13388686202125735	0.17967789662715733	0.16558183885219072	0.16009615791104842	0.224439586849832	0.13350041913570554	0.16954451224610415	0.15526851802621797	0.1357206691967839	0.17331426908359396	0.13261431762749204	0.11640418415086004	0.1015182246410485	0.10003038251397585	0.09146329377258126	0.15159014632071058	0.19553257951942488	0.1299849178550781	0.13893227842256287	0.14126067117088859	0.17701415918379945	0.1444786858036234	0.20780075640573925	0.11547943813763228	0.26272123681761794	0.19305561868097845	0.16155514605576515	0.11328480881093836	0.10127850373660503	0.1208045775734156	0.1430595986895451	0.15468665099348547	0.16196464763487808	0.15622084111943196	0.21933452283722282	0.09972803296716459	0.12330445201394953
Callopie	0.21245369895654742	0.1286956073982167	0.0	0.13938447339097546	0.11484315891940641	0.11409997989997603	0.1737590799542915	0.16158434957808496	0.14634697413917896	0.20974418494463407	0.14873667017256934	0.1675722658348004	0.2577946940894507	0.12772680411501192	0.12490422991363355	0.1952875604655033	0.14227198097844587	0.19282410241964382	0.14714526978407388	0.16444398575481212	0.15831834064363567	0.11242001066925321	0.14906666098235025	0.16954848679204546	0.14379980117434976	0.14475296265190402	0.15682725568962003	0.15513574409247774	0.21720736699983859	0.18345928629461647	0.20947537515975276	0.1551016249102995	0.2700109702689019	0.1999568345464206	0.17245344206094476	0.12780364587302437	0.1619509300779135	0.13023141973421035	0.18540985443919325	0.1656631786814344	0.17471427729319677	0.14780311180901815	0.2493889055944752	0.1303009137774688	0.1679181221738957
Alana	0.24673906121581396	0.15984825103926836	0.13938447339097546	0.0	0.1306452459835391	0.13717543232333093	0.20455806376832197	0.18702290316819617	0.19289874752192956	0.25338976325616025	0.15304003364740212	0.18747648293259567	0.3247054998977058	0.13383511566521294	0.14839230430363207	0.21164162193071862	0.16002433730620935	0.1600606233061256	0.16483278914335067	0.15955783565194476	0.20138127371089223	0.12632194677506375	0.18015754282429108	0.1381673538654723	0.14703507089967915	0.17253213691393074	0.15121614114397275	0.14625751047394667	0.25850729790199156	0.20435880207338966	0.22025374269374132	0.14677984701169122	0.26340056479940427	0.19453946891890186	0.11461243319584426	0.14442520268425185	0.18918853312777098	0.14387850395106014	0.18234595973283918	0.17884034143261543	0.13735574919965887	0.140665156648604	0.24995083595142473	0.1696518294842063	0.16498338094540896
Unknown	0.2569392712995078	0.1521378572756396	0.11484315891940641	0.1306452459835391	0.0	0.10295323271272122	0.21396945893506245	0.18538147403053162	0.16178378848455507	0.24276123381843548	0.17192933899301438	0.18274881434963125	0.29825925724004226	0.10073289051373174	0.08504576455328021	0.22372812251498753	0.14748516643493875	0.19074015336173428	0.1805031820339902	0.16561832877642807	0.18560366377551882	0.12518411278958533	0.16528762526188043	0.1733849546062239	0.17515243036760816	0.16905216734374234	0.17425058766398244	0.1617028129457041	0.25874751466238216	0.21978047160934205	0.23948765102402156	0.17834323539989633	0.28812233845551444	0.22115248838546378	0.1819016049385756	0.147103064043011	0.17547213723173133	0.12918789022056365	0.20759206925678536	0.21020680580003934	0.1878948246004704	0.15732789083652604	0.29445640036578674	0.16157299446356235	0.18115516737359055
Dyani	0.2498491755168421	0.1340816623145278	0.11409997989997603	0.13717543232333093	0.10295323271272122	0.0	0.229204863393857	0.19096170949096217	0.16316491021766275	0.24218791514863972	0.1572678990897558	0.2103945203710678	0.28295912835823683	0.14052564955421978	0.14875001255245243	0.2165353960668122	0.15450917934662817	0.19256993782815568	0.17291146189669263	0.16049754851724415	0.1729915766900616	0.12188371562928305	0.15330808863610204	0.16054448873123053	0.1916210288054998	0.17938444464148726	0.1580483328571738	0.1565555099539552	0.2535839983236637	0.21000753333179262	0.24282105210809674	0.156419895870018	0.26553733707938965	0.2320365674432111	0.18052905001955358	0.14003292784971305	0.14724115796853093	0.1400806519561123	0.1976543457850984	0.2016291120514898	0.19210526716588236	0.17193702351525228	0.2951775653755812	0.13768738994888152	0.16580320043991353
Nyx	0.21330416192274007	0.17928142162525088	0.1737590799542915	0.20455806376832197	0.21396945893506245	0.229204863393857	0.0	0.17808927872452435	0.16416539409368924	0.19568061515731353	0.2130249036446733	0.2107223459258427	0.23712890674223222	0.1943562986653971	0.21233681131855753	0.2150896604373063	0.1712080509118105	0.19803408648670134	0.14860670616451577	0.19609295944563382	0.21981577453157322	0.172706102958329	0.2118646830850266	0.21642557132176088	0.20082703086473735	0.16589051111888375	0.2015800433457414	0.23361017375701595	0.17870106159741014	0.21323402047244533	0.22331476414424134	0.17912205223211303	0.322601754508033	0.16359438168217497	0.1958216980549409	0.17439273012813572	0.23091300470725884	0.20457350126852766	0.20543881861558674	0.17811709528236247	0.18310064452106187	0.1675272409036871	0.24544154861352172	0.2094559396216277	0.1911128212684684
Ariadne	0.1859456676129929	0.11382152164491306	0.16158434957808496	0.18702290316819617	0.18538147403053162	0.19096170949096217	0.17808927872452435	0.0	0.13396670822757728	0.131229698499644	0.19402301507686337	0.1429318827253897	0.23063092731996546	0.15568288646721037	0.19017747123327175	0.12514390148297655	0.14954768140961353	0.1700231120644117	0.13851696073081077	0.10401003478188037	0.11353287952060236	0.1383709719462079	0.10761037360049192	0.17243735566610083	0.1911989406265055	0.09032120935038715	0.15918204689135138	0.15762516891809755	0.15694740324278683	0.1590097698389292	0.1854125272806294	0.13934678374644746	0.2976252757944673	0.16651854223609952	0.1721709758583784	0.13407425227146094	0.1300059478399381	0.13750153660600944	0.1509976249977	0.15769902480539433	0.160875159462577	0.14199909017700224	0.21919214456783093	0.14755985747986777	0.15040308668337743
Luna	0.2180972878708835	0.13388686202125735	0.14634697413917896	0.19289874752192956	0.16178378848455507	0.16316491021766275	0.16416539409368924	0.13396670822757728	0.0	0.17439672365228975	0.19276645727007438	0.18095710308638088	0.24351287999535884	0.15943232944887115	0.16082444809806778	0.16980309686454273	0.13506693488876084	0.1588879088641244	0.13232701332133343	0.123096013396042	0.14947882431462012	0.13543255250132	0.12429267989715143	0.17064874123413012	0.18894109172765322	0.11917543188686111	0.15846850030031254	0.16326390420223816	0.19963631309804128	0.17737917490918598	0.22704453335282648	0.14952373023456497	0.31443276132455883	0.18414726332580875	0.17883550430099426	0.13618960684331302	0.1554593192856998	0.1454230145622141	0.17008533171301363	0.16807337025085625	0.17094727239008933	0.14390268608711318	0.2533203583682319	0.15147914186618783	0.15262458625979397
Minerva	0.22204766548780455	0.17967789662715733	0.20974418494463407	0.25338976325616025	0.24276123381843548	0.24218791514863972	0.19568061515731353	0.131229698499644	0.17439672365228975	0.0	0.2362267061113968	0.21025479261864138	0.2094084853689151	0.2261260055385634	0.2607872222818504	0.12757918356362347	0.217715184981147	0.2485915127740949	0.18430309215671756	0.16748084359884824	0.17269871278614068	0.20043836616577607	0.17777349795982406	0.2411949260111367	0.26245646781824816	0.1326066974751812	0.23219093590040865	0.2239336464286429	0.15622822492867997	0.1919756962900955	0.18215582461388935	0.20213787855449417	0.3321711038071359	0.1965225775889046	0.22677766599149296	0.19638970187282537	0.19580484154184466	0.2001555776704341	0.18773184962074957	0.20227231719846084	0.205162808739763	0.2048307313704287	0.24953762176123565	0.20186213188340316	0.2070407986346584
Jordan	0.28946909825556116	0.16558183885219072	0.14873667017256934	0.15304003364740212	0.17192933899301438	0.1572678990897558	0.2130249036446733	0.19402301507686337	0.19276645727007438	0.2362267061113968	0.0	0.17142994252638355	0.3278465697303706	0.18399753995407822	0.16293554606900942	0.23713298757067341	0.15697411257252	0.16645473343820166	0.1801493153061984	0.19272278518870636	0.21246688430285493	0.10583042149690935	0.19059724580421422	0.13252296259155874	0.1477056759797569	0.2033885238776437	0.13457498476024488	0.16479985897476812	0.2834588796492956	0.24597347033232939	0.2288460824079527	0.18096480478957913	0.25063454954991493	0.25816371580473874	0.17759667321538644	0.1763239101808787	0.19402214371715734	0.16564590210092245	0.2287452674751069	0.2192833929214579	0.19400197102998193	0.19917051787822523	0.32772465703282627	0.15323721484270114	0.20250026047276581
Corey	0.24798347556053305	0.16009615791104842	0.1675722658348004	0.18747648293259567	0.18274881434963125	0.2103945203710678	0.2107223459258427	0.1429318827253897	0.18095710308638088	0.21025479261864138	0.17142994252638355	0.0	0.2886240795367616	0.16960558194846717	0.16529575111298425	0.1960998410438503	0.19268353048963216	0.19539400727412745	0.19578140869813027	0.1603318994438397	0.15921193672033118	0.1556630961176488	0.14160217947052964	0.2015924882863538	0.2029349363529334	0.15304035409363267	0.194162099626919	0.14915111693543814	0.23242313897016062	0.21018384614446972	0.20742900193437847	0.19243124129942618	0.2806080698202617	0.2335321300824139	0.19424474455380053	0.167571919808059	0.16080483505427218	0.12892239057933014	0.2095465939115509	0.21198671877249015	0.19660888235407264	0.18553722971581335	0.23959746538616217	0.16067576451741147	0.20798490680645457
Theodora	0.2627864647208725	0.224439586849832	0.2577946940894507	0.3247054998977058	0.29825925724004226	0.28295912835823683	0.23712890674223222	0.23063092731996546	0.24351287999535884	0.2094084853689151	0.3278465697303706	0.2886240795367616	0.0	0.2932046131956869	0.32218122016380646	0.2241353762836392	0.2917618452852463	0.32905522259833336	0.2490259694318718	0.2555215476337198	0.23145196452945513	0.27099447665691323	0.2437826728572918	0.3268560792539497	0.32674017627193563	0.22398925786175344	0.30780588891445954	0.30294789373524234	0.1675996453615409	0.24979258634860968	0.2751462055568543	0.2590081420621434	0.39112388332333986	0.27538678788394905	0.3210160091973436	0.2598369651329788	0.24323327579242746	0.28097131317838986	0.24512770634536846	0.25824297196181517	0.30180173474621186	0.2886201840832117	0.3087178737699558	0.22920928454715997	0.23924156737159274
Bathsheba	0.20514416426097423	0.13350041913570554	0.12772680411501192	0.13383511566521294	0.10073289051373174	0.14052564955421978	0.1943562986653971	0.15568288646721037	0.15943232944887115	0.2261260055385634	0.18399753995407822	0.16960558194846717	0.2932046131956869	0.0	0.10807850256707928	0.20794830188527982	0.1289237457351534	0.1852616546135693	0.1664648023158225	0.13616259441251805	0.17010646179720149	0.13582601229543873	0.14540861952399126	0.16876933898491267	0.1586338537021923	0.1571902826797234	0.17807915145247322	0.16389795497252968	0.22618289544928027	0.2069980297226801	0.2398241259084572	0.14066281564852964	0.27726080442660084	0.17161383729067906	0.15595800135247043	0.10421608241336326	0.1573313654920887	0.10732417481088691	0.16526077202666578	0.17726428021806742	0.15796432730619184	0.11326196150520788	0.23827113347343934	0.14175463621829057	0.14264518538748155
Odysseus	0.27342403877143007	0.16954451224610415	0.12490422991363355	0.14839230430363207	0.08504576455328021	0.14875001255245243	0.21233681131855753	0.19017747123327175	0.16082444809806778	0.2607872222818504	0.16293554606900942	0.16529575111298425	0.32218122016380646	0.10807850256707928	0.0	0.23661223025840772	0.1583134119333422	0.16049851148606006	0.20031025925594234	0.17596277526074666	0.19653556929068922	0.13619638938743242	0.16382739453077608	0.16725537891796383	0.16572686946525092	0.19133028934008284	0.16900383144516515	0.1551896096011547	0.2748980022477912	0.23064836628711916	0.25957794030353104	0.17575047449484646	0.29057764635931954	0.23077724777573372	0.17499855060505265	0.16037653974864516	0.18396643465409326	0.13170352185205997	0.22026454536061435	0.21457139115471027	0.19166549562924176	0.1714968053801933	0.2955911644991192	0.1622287421722668	0.18997424590619025
Ivy	0.20708508605409529	0.15526851802621797	0.1952875604655033	0.21164162193071862	0.22372812251498753	0.2165353960668122	0.2150896604373063	0.12514390148297655	0.16980309686454273	0.12757918356362347	0.23713298757067341	0.1960998410438503	0.2241353762836392	0.20794830188527982	0.23661223025840772	0.0	0.19835636832155734	0.21459373760892683	0.1767448582223792	0.14773344411894604	0.1536602252404119	0.1830918274290502	0.1566550495687655	0.2128307508674371	0.2633080023671489	0.1318660619914234	0.20316210105248855	0.19167269156688732	0.17233144354005078	0.13893508403047575	0.18906420356529938	0.18577736065676675	0.32799281602552544	0.20147279795543038	0.17493867001829336	0.17404240496232276	0.1643667952153225	0.18954417419585637	0.16661588481707898	0.18720569066499118	0.16680791935804756	0.1968588892586731	0.21677054868054357	0.17297625157625054	0.18954918462112158
Ivanhoe	0.22461512987121773	0.1357206691967839	0.14227198097844587	0.16002433730620935	0.14748516643493875	0.15450917934662817	0.1712080509118105	0.14954768140961353	0.13506693488876084	0.217715184981147	0.15697411257252	0.19268353048963216	0.2917618452852463	0.1289237457351534	0.1583134119333422	0.19835636832155734	0.0	0.18218115875441904	0.13486293432472563	0.13883545418556367	0.18267240351997174	0.10365320338343068	0.15635781793498343	0.1498340559291824	0.1685849126617049	0.14444666075658055	0.14827935153861854	0.1856230549952706	0.22486987993917096	0.20127306822359525	0.23017651085403074	0.14806805331598516	0.3099867963231411	0.18371504529733845	0.1678085045628678	0.12766345026766387	0.17468286536281344	0.1459271122992051	0.1890248371944836	0.19041414242729032	0.17047984091450566	0.13307576582102154	0.2718952121604578	0.14818321676758406	0.15487504899937762
Octavia	0.2518984659973466	0.17331426908359396	0.19282410241964382	0.1600606233061256	0.19074015336173428	0.19256993782815568	0.19803408648670134	0.1700231120644117	0.1588879088641244	0.2485915127740949	0.16645473343820166	0.19539400727412745	0.32905522259833336	0.1852616546135693	0.16049851148606006	0.21459373760892683	0.18218115875441904	0.0	0.1729887081377091	0.1765630819776249	0.20701768098747395	0.16211787530696872	0.17564512716377287	0.13755183019706194	0.18367872570897914	0.18036925641221274	0.13124027326615473	0.16313978915282973	0.2705714191747123	0.20967393833834638	0.26350596110571967	0.14468656380897682	0.28048215968728757	0.19594273875601373	0.13781892327130796	0.15851322945843324	0.17340387735130833	0.17036562027861782	0.18248688760527854	0.1775635195661282	0.14754728611694812	0.15842224786498196	0.26242782715930135	0.17887213709435795	0.16428985626697232
Unknown_G2.3	0.18767698237881575	0.13261431762749204	0.14714526978407388	0.16483278914335067	0.1805031820339902	0.17291146189669263	0.14860670616451577	0.13851696073081077	0.13232701332133343	0.18430309215671756	0.1801493153061984	0.19578140869813027	0.2490259694318718	0.1664648023158225	0.20031025925594234	0.1767448582223792	0.13486293432472563	0.1729887081377091	0.0	0.15696324514820237	0.1745254057856554	0.12322413222519522	0.1663575926094124	0.142769721202203	0.15345912263147438	0.14808397788777314	0.14999670331056805	0.18694612944153263	0.19435935067490737	0.19268583071798903	0.2159091952106959	0.12536892613727604	0.2719028245023211	0.15426599601311008	0.15400970117649346	0.13210799407408524	0.1781605274341342	0.17763401706587245	0.14484813292272955	0.13543193817365595	0.1388733100672689	0.12560929060438747	0.22247159283346732	0.16802859691320812	0.1331333099940643
Unknown_G2.2	0.20265985903508302	0.11640418415086004	0.16444398575481212	0.15955783565194476	0.16561832877642807	0.16049754851724415	0.19609295944563382	0.10401003478188037	0.123096013396042	0.16748084359884824	0.19272278518870636	0.1603318994438397	0.2555215476337198	0.13616259441251805	0.17596277526074666	0.14773344411894604	0.13883545418556367	0.1765630819776249	0.15696324514820237	0.0	0.12254343140986788	0.13250160618443596	0.10744215312150511	0.1517494779869601	0.21037234135445443	0.10415447926886993	0.1611080876253971	0.13465471722339864	0.1842171507434809	0.17257939605795825	0.21726873956154671	0.14142531143844483	0.28655979411370336	0.1724921305790554	0.14582892357494218	0.11615350018658538	0.11349802167153443	0.12066020727078576	0.16484164739060736	0.18123439810467667	0.15783515219596475	0.13089130644600835	0.22601490259848359	0.12902055048172684	0.1564755151538059
Wings	0.20765685680781532	0.1015182246410485	0.15831834064363567	0.20138127371089223	0.18560366377551882	0.1729915766900616	0.21981577453157322	0.11353287952060236	0.14947882431462012	0.17269871278614068	0.21246688430285493	0.15921193672033118	0.23145196452945513	0.17010646179720149	0.19653556929068922	0.1536602252404119	0.18267240351997174	0.20701768098747395	0.1745254057856554	0.12254343140986788	0.0	0.14278010796453827	0.05549410665072997	0.1801392148459356	0.22657551519218647	0.12639356138693583	0.18178756341978938	0.14001918312638245	0.16981720402888073	0.17675024604687548	0.22211925489128662	0.1718579677212364	0.286506447024776	0.21976903260524844	0.20331608099499754	0.15124157120345552	0.12294076479885732	0.1375858012508379	0.18560039476416182	0.20149201773201725	0.200241397820621	0.18819358997136998	0.23944483258428328	0.14945615170372767	0.17467956170134558
Orf	0.22858874218839464	0.10003038251397585	0.11242001066925321	0.12632194677506375	0.12518411278958533	0.12188371562928305	0.172706102958329	0.1383709719462079	0.13543255250132	0.20043836616577607	0.10583042149690935	0.1556630961176488	0.27099447665691323	0.13582601229543873	0.13619638938743242	0.1830918274290502	0.10365320338343068	0.16211787530696872	0.12322413222519522	0.13250160618443596	0.14278010796453827	0.0	0.1266101510928358	0.10263493549121969	0.14561997626453702	0.14386025415178022	0.11262469935381679	0.13413286942543182	0.21099408508245554	0.19318576040108154	0.19877492839503758	0.12791727168249487	0.2633133258947387	0.20353066091330338	0.14177078592329817	0.12024345026578197	0.13919620239402516	0.11617505712399076	0.17468770804253675	0.1770457660610254	0.152053509692857	0.1410825112485887	0.27480712458140005	0.11055026576858194	0.1427666147010072
Juniper	0.19973233131890877	0.09146329377258126	0.14906666098235025	0.18015754282429108	0.16528762526188043	0.15330808863610204	0.2118646830850266	0.10761037360049192	0.12429267989715143	0.17777349795982406	0.19059724580421422	0.14160217947052964	0.2437826728572918	0.14540861952399126	0.16382739453077608	0.1566550495687655	0.15635781793498343	0.17564512716377287	0.1663575926094124	0.10744215312150511	0.05549410665072997	0.1266101510928358	0.0	0.1586706421192507	0.20516195629911926	0.11704959441537559	0.1587759444783252	0.11504734164898693	0.18453880206414036	0.16618115531172997	0.21833365827004406	0.14692942334615747	0.2852979525670858	0.20477071822355658	0.18083259970527418	0.12555730602208362	0.10350656917367161	0.10846874012693386	0.17275966692044217	0.1871153937571084	0.18426624432868052	0.16405699426338882	0.22891045481990632	0.12277326529288779	0.15359471379648681
Azalea	0.2457942340209904	0.15159014632071058	0.16954848679204546	0.1381673538654723	0.1733849546062239	0.16054448873123053	0.21642557132176088	0.17243735566610083	0.17064874123413012	0.2411949260111367	0.13252296259155874	0.2015924882863538	0.3268560792539497	0.16876933898491267	0.16725537891796383	0.2128307508674371	0.1498340559291824	0.13755183019706194	0.142769721202203	0.1517494779869601	0.1801392148459356	0.10263493549121969	0.1586706421192507	0.0	0.14173514913525154	0.1826206048757873	0.11310529305015489	0.1213143386995664	0.26363191564959854	0.21942729163676433	0.23732999074288372	0.14599434672837017	0.26290053269912184	0.20949024662068655	0.13381102601260492	0.15139263056615002	0.16428494711915584	0.1642172074880654	0.17694700369657998	0.18822523032643187	0.1514021544774944	0.15767227167004114	0.26897576933367634	0.15757334982347151	0.16256903069986361
Mimosa	0.24884179543668786	0.19553257951942488	0.14379980117434976	0.14703507089967915	0.17515243036760816	0.1916210288054998	0.20082703086473735	0.1911989406265055	0.18894109172765322	0.26245646781824816	0.1477056759797569	0.2029349363529334	0.32674017627193563	0.1586338537021923	0.16572686946525092	0.2633080023671489	0.1685849126617049	0.18367872570897914	0.15345912263147438	0.21037234135445443	0.22657551519218647	0.14561997626453702	0.20516195629911926	0.14173514913525154	0.0	0.2027490998199625	0.1641446325751621	0.183153365100135	0.2760077428190651	0.25530992468925584	0.24808901241047826	0.1818423042463158	0.28267830428619184	0.19456445068697137	0.1785702252120662	0.1779091184179504	0.23041029544742903	0.18836640067101118	0.20707735731002525	0.17523526701463765	0.17410882233622363	0.14920406624571134	0.2694872684759551	0.19797823945695633	0.19782828007242667
Agate	0.19386994217603543	0.1299849178550781	0.14475296265190402	0.17253213691393074	0.16905216734374234	0.17938444464148726	0.16589051111888375	0.09032120935038715	0.11917543188686111	0.1326066974751812	0.2033885238776437	0.15304035409363267	0.22398925786175344	0.1571902826797234	0.19133028934008284	0.1318660619914234	0.14444666075658055	0.18036925641221274	0.14808397788777314	0.10415447926886993	0.12639356138693583	0.14386025415178022	0.11704959441537559	0.1826206048757873	0.2027490998199625	0.0	0.17361403541314682	0.15924318370194207	0.16188141946791954	0.14557635930380985	0.1811258230636337	0.15898909129316854	0.31882986196419105	0.15410988730512626	0.17208268243392666	0.13645625353600793	0.1422144354891161	0.13690633713448735	0.16838043176594986	0.1751010018654777	0.16731979285758095	0.13208150693917545	0.21851263229175868	0.1519510662017579	0.16691345356723095
Zanahoria	0.24271894957097243	0.13893227842256287	0.15682725568962003	0.15121614114397275	0.17425058766398244	0.1580483328571738	0.2015800433457414	0.15918204689135138	0.15846850030031254	0.23219093590040865	0.13457498476024488	0.194162099626919	0.30780588891445954	0.17807915145247322	0.16900383144516515	0.20316210105248855	0.14827935153861854	0.13124027326615473	0.14999670331056805	0.1611080876253971	0.18178756341978938	0.11262469935381679	0.1587759444783252	0.11310529305015489	0.1641446325751621	0.17361403541314682	0.0	0.1430175379230849	0.24595736376599805	0.20307260200767688	0.2416506725760148	0.14137230344122148	0.2681433824998383	0.22145819051126922	0.14171790683417634	0.15710529222613398	0.15343614359592878	0.15132763637969363	0.17707039578251235	0.1775617408032268	0.15450437698430203	0.1785814392612703	0.2821173684449579	0.13596879597167327	0.1581095911401465
Rambo_II	0.25833715426104675	0.14126067117088859	0.15513574409247774	0.14625751047394667	0.1617028129457041	0.1565555099539552	0.23361017375701595	0.15762516891809755	0.16326390420223816	0.2239336464286429	0.16479985897476812	0.14915111693543814	0.30294789373524234	0.16389795497252968	0.1551896096011547	0.19167269156688732	0.1856230549952706	0.16313978915282973	0.18694612944153263	0.13465471722339864	0.14001918312638245	0.13413286942543182	0.11504734164898693	0.1213143386995664	0.183153365100135	0.15924318370194207	0.1430175379230849	0.0	0.25119648705241554	0.19292165323382449	0.2281171658088214	0.17480412425651787	0.27619363286844245	0.23698625422222538	0.1507462551643885	0.16026209242604716	0.12898730606043346	0.1088030051490713	0.19564477184546963	0.20849635559235316	0.17161877320761199	0.18975175445630574	0.2470611219745187	0.14056482303011367	0.1965518969648157
Siobhan	0.19968127313061673	0.17701415918379945	0.21720736699983859	0.25850729790199156	0.25874751466238216	0.2535839983236637	0.17870106159741014	0.15694740324278683	0.19963631309804128	0.15622822492867997	0.2834588796492956	0.23242313897016062	0.1675996453615409	0.22618289544928027	0.2748980022477912	0.17233144354005078	0.22486987993917096	0.2705714191747123	0.19435935067490737	0.1842171507434809	0.16981720402888073	0.21099408508245554	0.18453880206414036	0.26363191564959854	0.2760077428190651	0.16188141946791954	0.24595736376599805	0.25119648705241554	0.0	0.21911928828902877	0.22848801568832408	0.21223930129954943	0.3390069467421878	0.207466585242821	0.26244584893782597	0.20387556170505927	0.22508192039253272	0.2198648238360526	0.2170403050228456	0.22080201110463016	0.2450040817293197	0.22524532241188566	0.24710877936020728	0.22656688698931052	0.2154746436202389
Unknown_G2.1	0.21009815034947585	0.1444786858036234	0.18345928629461647	0.20435880207338966	0.21978047160934205	0.21000753333179262	0.21323402047244533	0.1590097698389292	0.17737917490918598	0.1919756962900955	0.24597347033232939	0.21018384614446972	0.24979258634860968	0.2069980297226801	0.23064836628711916	0.13893508403047575	0.20127306822359525	0.20967393833834638	0.19268583071798903	0.17257939605795825	0.17675024604687548	0.19318576040108154	0.16618115531172997	0.21942729163676433	0.25530992468925584	0.14557635930380985	0.20307260200767688	0.19292165323382449	0.21911928828902877	0.0	0.13995746630116818	0.1789758426030995	0.3178984048585836	0.19660123480374564	0.1680509180044276	0.1713503559810375	0.17227454400225578	0.18703248279319257	0.1656279249972104	0.17470689645924045	0.1674923602016876	0.18227206675530477	0.205340365642699	0.17735824122622043	0.18784489562200934
Talia	0.27650272777327883	0.20780075640573925	0.20947537515975276	0.22025374269374132	0.23948765102402156	0.24282105210809674	0.22331476414424134	0.1854125272806294	0.22704453335282648	0.18215582461388935	0.2288460824079527	0.20742900193437847	0.2751462055568543	0.2398241259084572	0.25957794030353104	0.18906420356529938	0.23017651085403074	0.26350596110571967	0.2159091952106959	0.21726873956154671	0.22211925489128662	0.19877492839503758	0.21833365827004406	0.23732999074288372	0.24808901241047826	0.1811258230636337	0.2416506725760148	0.2281171658088214	0.22848801568832408	0.13995746630116818	0.0	0.2322267888967062	0.33650586623963297	0.21189487154538034	0.1973320698352275	0.21215807387095315	0.22501707736204457	0.22477909299681662	0.22948924427301803	0.2322606649713761	0.19546437212013557	0.21205055565522526	0.272925554181445	0.23389543626557646	0.2411901677138707
URG.1	0.17554245999148507	0.11547943813763228	0.1551016249102995	0.14677984701169122	0.17834323539989633	0.156419895870018	0.17912205223211303	0.13934678374644746	0.14952373023456497	0.20213787855449417	0.18096480478957913	0.19243124129942618	0.2590081420621434	0.14066281564852964	0.17575047449484646	0.18577736065676675	0.14806805331598516	0.14468656380897682	0.12536892613727604	0.14142531143844483	0.1718579677212364	0.12791727168249487	0.14692942334615747	0.14599434672837017	0.1818423042463158	0.15898909129316854	0.14137230344122148	0.17480412425651787	0.21223930129954943	0.1789758426030995	0.2322267888967062	0.0	0.2510041770811138	0.1589276853545226	0.12058257739342668	0.092149434071741	0.12295739975388188	0.12720499786227354	0.09272081887477497	0.09047744949777878	0.11241038845038516	0.12653908114251816	0.20260613356338927	0.11396353062921943	0.04042270015603553
URG.10	0.32929854265446723	0.26272123681761794	0.2700109702689019	0.26340056479940427	0.28812233845551444	0.26553733707938965	0.322601754508033	0.2976252757944673	0.31443276132455883	0.3321711038071359	0.25063454954991493	0.2806080698202617	0.39112388332333986	0.27726080442660084	0.29057764635931954	0.32799281602552544	0.3099867963231411	0.28048215968728757	0.2719028245023211	0.28655979411370336	0.286506447024776	0.2633133258947387	0.2852979525670858	0.26290053269912184	0.28267830428619184	0.31882986196419105	0.2681433824998383	0.27619363286844245	0.3390069467421878	0.3178984048585836	0.33650586623963297	0.2510041770811138	0.0	0.3163967677074226	0.2738083935809981	0.24753650229158508	0.2590445166588346	0.27090414149335396	0.27038217636853334	0.2695855995789794	0.2763853797188365	0.28683700795283135	0.33756115041249	0.2669864005834483	0.26660592484636425
URG.11	0.2029829214154808	0.19305561868097845	0.1999568345464206	0.19453946891890186	0.22115248838546378	0.2320365674432111	0.16359438168217497	0.16651854223609952	0.18414726332580875	0.1965225775889046	0.25816371580473874	0.2335321300824139	0.27538678788394905	0.17161383729067906	0.23077724777573372	0.20147279795543038	0.18371504529733845	0.19594273875601373	0.15426599601311008	0.1724921305790554	0.21976903260524844	0.20353066091330338	0.20477071822355658	0.20949024662068655	0.19456445068697137	0.15410988730512626	0.22145819051126922	0.23698625422222538	0.207466585242821	0.19660123480374564	0.21189487154538034	0.1589276853545226	0.3163967677074226	0.0	0.15589476456228488	0.15044926387875202	0.21034439978514116	0.20314418130857903	0.15914063252187705	0.13385126254949456	0.13063631607636048	0.07987120799629378	0.1715100322321738	0.22306369352222866	0.16510038627493617
URG.12	0.2389655865155753	0.16155514605576515	0.17245344206094476	0.11461243319584426	0.1819016049385756	0.18052905001955358	0.1958216980549409	0.1721709758583784	0.17883550430099426	0.22677766599149296	0.17759667321538644	0.19424474455380053	0.3210160091973436	0.15595800135247043	0.17499855060505265	0.17493867001829336	0.1678085045628678	0.13781892327130796	0.15400970117649346	0.14582892357494218	0.20331608099499754	0.14177078592329817	0.18083259970527418	0.13381102601260492	0.1785702252120662	0.17208268243392666	0.14171790683417634	0.1507462551643885	0.26244584893782597	0.1680509180044276	0.1973320698352275	0.12058257739342668	0.2738083935809981	0.15589476456228488	0.0	0.1254414656083663	0.1615273902917905	0.14840870427456393	0.15429084184723396	0.15349728698075893	0.05226981040923626	0.1205659970184981	0.21736310295603667	0.16399721226755157	0.14184322295707488
URG.13	0.19693195227039537	0.11328480881093836	0.12780364587302437	0.14442520268425185	0.147103064043011	0.14003292784971305	0.17439273012813572	0.13407425227146094	0.13618960684331302	0.19638970187282537	0.1763239101808787	0.167571919808059	0.2598369651329788	0.10421608241336326	0.16037653974864516	0.17404240496232276	0.12766345026766387	0.15851322945843324	0.13210799407408524	0.11615350018658538	0.15124157120345552	0.12024345026578197	0.12555730602208362	0.15139263056615002	0.1779091184179504	0.13645625353600793	0.15710529222613398	0.16026209242604716	0.20387556170505927	0.1713503559810375	0.21215807387095315	0.092149434071741	0.24753650229158508	0.15044926387875202	0.1254414656083663	0.0	0.11897702743022052	0.11436412347412916	0.12081996513433822	0.12724141192489904	0.12020698075001844	0.09943506360952338	0.2136183454814928	0.12109180569302841	0.10150633465543502
URG.14	0.20109835815824337	0.10127850373660503	0.1619509300779135	0.18918853312777098	0.17547213723173133	0.14724115796853093	0.23091300470725884	0.1300059478399381	0.1554593192856998	0.19580484154184466	0.19402214371715734	0.16080483505427218	0.24323327579242746	0.1573313654920887	0.18396643465409326	0.1643667952153225	0.17468286536281344	0.17340387735130833	0.1781605274341342	0.11349802167153443	0.12294076479885732	0.13919620239402516	0.10350656917367161	0.16428494711915584	0.23041029544742903	0.1422144354891161	0.15343614359592878	0.12898730606043346	0.22508192039253272	0.17227454400225578	0.22501707736204457	0.12295739975388188	0.2590445166588346	0.21034439978514116	0.1615273902917905	0.11897702743022052	0.0	0.11157798198104113	0.1266821336409059	0.1569043697378887	0.17317064828096246	0.16676590551226675	0.23150363718171219	0.0892047520942328	0.12224480815144065
URG.2	0.21698892972201284	0.1208045775734156	0.13023141973421035	0.14387850395106014	0.12918789022056365	0.1400806519561123	0.20457350126852766	0.13750153660600944	0.1454230145622141	0.2001555776704341	0.16564590210092245	0.12892239057933014	0.28097131317838986	0.10732417481088691	0.13170352185205997	0.18954417419585637	0.1459271122992051	0.17036562027861782	0.17763401706587245	0.12066020727078576	0.1375858012508379	0.11617505712399076	0.10846874012693386	0.1642172074880654	0.18836640067101118	0.13690633713448735	0.15132763637969363	0.1088030051490713	0.2198648238360526	0.18703248279319257	0.22477909299681662	0.12720499786227354	0.27090414149335396	0.20314418130857903	0.14840870427456393	0.11436412347412916	0.11157798198104113	0.0	0.16770767174517875	0.1772782963305737	0.16196259432724935	0.14973116151224908	0.22835324133205423	0.10983840342572838	0.1412317466408426
URG.3	0.16982826501775897	0.1430595986895451	0.18540985443919325	0.18234595973283918	0.20759206925678536	0.1976543457850984	0.20543881861558674	0.1509976249977	0.17008533171301363	0.18773184962074957	0.2287452674751069	0.2095465939115509	0.24512770634536846	0.16526077202666578	0.22026454536061435	0.16661588481707898	0.1890248371944836	0.18248688760527854	0.14484813292272955	0.16484164739060736	0.18560039476416182	0.17468770804253675	0.17275966692044217	0.17694700369657998	0.20707735731002525	0.16838043176594986	0.17707039578251235	0.19564477184546963	0.2170403050228456	0.1656279249972104	0.22948924427301803	0.09272081887477497	0.27038217636853334	0.15914063252187705	0.15429084184723396	0.12081996513433822	0.1266821336409059	0.16770767174517875	0.0	0.06635366272438109	0.127260582206623	0.13938202907098815	0.1741031845118469	0.13386628400372766	0.080725966262874
URG.4	0.1711140736690227	0.15468665099348547	0.1656631786814344	0.17884034143261543	0.21020680580003934	0.2016291120514898	0.17811709528236247	0.15769902480539433	0.16807337025085625	0.20227231719846084	0.2192833929214579	0.21198671877249015	0.25824297196181517	0.17726428021806742	0.21457139115471027	0.18720569066499118	0.19041414242729032	0.1775635195661282	0.13543193817365595	0.18123439810467667	0.20149201773201725	0.1770457660610254	0.1871153937571084	0.18822523032643187	0.17523526701463765	0.1751010018654777	0.1775617408032268	0.20849635559235316	0.22080201110463016	0.17470689645924045	0.2322606649713761	0.09047744949777878	0.2695855995789794	0.13385126254949456	0.15349728698075893	0.12724141192489904	0.1569043697378887	0.1772782963305737	0.06635366272438109	0.0	0.12570822260823658	0.13550506525248276	0.1568691548814329	0.15753681284602256	0.09966114669125356
URG.5	0.21886792855013898	0.16196464763487808	0.17471427729319677	0.13735574919965887	0.1878948246004704	0.19210526716588236	0.18310064452106187	0.160875159462577	0.17094727239008933	0.205162808739763	0.19400197102998193	0.19660888235407264	0.30180173474621186	0.15796432730619184	0.19166549562924176	0.16680791935804756	0.17047984091450566	0.14754728611694812	0.1388733100672689	0.15783515219596475	0.200241397820621	0.152053509692857	0.18426624432868052	0.1514021544774944	0.17410882233622363	0.16731979285758095	0.15450437698430203	0.17161877320761199	0.2450040817293197	0.1674923602016876	0.19546437212013557	0.11241038845038516	0.2763853797188365	0.13063631607636048	0.05226981040923626	0.12020698075001844	0.17317064828096246	0.16196259432724935	0.127260582206623	0.12570822260823658	0.0	0.10596081265144407	0.19383631850817934	0.1745606928187995	0.13060507253916007
URG.6	0.1951962436898188	0.15622084111943196	0.14780311180901815	0.140665156648604	0.15732789083652604	0.17193702351525228	0.1675272409036871	0.14199909017700224	0.14390268608711318	0.2048307313704287	0.19917051787822523	0.18553722971581335	0.2886201840832117	0.11326196150520788	0.1714968053801933	0.1968588892586731	0.13307576582102154	0.15842224786498196	0.12560929060438747	0.13089130644600835	0.18819358997136998	0.1410825112485887	0.16405699426338882	0.15767227167004114	0.14920406624571134	0.13208150693917545	0.1785814392612703	0.18975175445630574	0.22524532241188566	0.18227206675530477	0.21205055565522526	0.12653908114251816	0.28683700795283135	0.07987120799629378	0.1205659970184981	0.09943506360952338	0.16676590551226675	0.14973116151224908	0.13938202907098815	0.13550506525248276	0.10596081265144407	0.0	0.20210132426109087	0.16728613140339813	0.13201339556831024
URG.7	0.18871790228769872	0.21933452283722282	0.2493889055944752	0.24995083595142473	0.29445640036578674	0.2951775653755812	0.24544154861352172	0.21919214456783093	0.2533203583682319	0.24953762176123565	0.32772465703282627	0.23959746538616217	0.3087178737699558	0.23827113347343934	0.2955911644991192	0.21677054868054357	0.2718952121604578	0.26242782715930135	0.22247159283346732	0.22601490259848359	0.23944483258428328	0.27480712458140005	0.22891045481990632	0.26897576933367634	0.2694872684759551	0.21851263229175868	0.2821173684449579	0.2470611219745187	0.24710877936020728	0.205340365642699	0.272925554181445	0.20260613356338927	0.33756115041249	0.1715100322321738	0.21736310295603667	0.2136183454814928	0.23150363718171219	0.22835324133205423	0.1741031845118469	0.1568691548814329	0.19383631850817934	0.20210132426109087	0.0	0.23953158788421514	0.21221693901112992
URG.8	0.20184367419065366	0.09972803296716459	0.1303009137774688	0.1696518294842063	0.16157299446356235	0.13768738994888152	0.2094559396216277	0.14755985747986777	0.15147914186618783	0.20186213188340316	0.15323721484270114	0.16067576451741147	0.22920928454715997	0.14175463621829057	0.1622287421722668	0.17297625157625054	0.14818321676758406	0.17887213709435795	0.16802859691320812	0.12902055048172684	0.14945615170372767	0.11055026576858194	0.12277326529288779	0.15757334982347151	0.19797823945695633	0.1519510662017579	0.13596879597167327	0.14056482303011367	0.22656688698931052	0.17735824122622043	0.23389543626557646	0.11396353062921943	0.2669864005834483	0.22306369352222866	0.16399721226755157	0.12109180569302841	0.0892047520942328	0.10983840342572838	0.13386628400372766	0.15753681284602256	0.1745606928187995	0.16728613140339813	0.23953158788421514	0.0	0.10931841827061806
URG.9	0.17739562628554598	0.12330445201394953	0.1679181221738957	0.16498338094540896	0.18115516737359055	0.16580320043991353	0.1911128212684684	0.15040308668337743	0.15262458625979397	0.2070407986346584	0.20250026047276581	0.20798490680645457	0.23924156737159274	0.14264518538748155	0.18997424590619025	0.18954918462112158	0.15487504899937762	0.16428985626697232	0.1331333099940643	0.1564755151538059	0.17467956170134558	0.1427666147010072	0.15359471379648681	0.16256903069986361	0.19782828007242667	0.16691345356723095	0.1581095911401465	0.1965518969648157	0.2154746436202389	0.18784489562200934	0.2411901677138707	0.04042270015603553	0.26660592484636425	0.16510038627493617	0.14184322295707488	0.10150633465543502	0.12224480815144065	0.1412317466408426	0.080725966262874	0.09966114669125356	0.13060507253916007	0.13201339556831024	0.21221693901112992	0.10931841827061806	0.0
