	St_Patrick	Abita	Callopie	Alana	Unknown	Dyani	Abu	Captive_Baby	Marra	Nilsson	Unknown_FRC5	Nyx	Ariadne	Luna	Minerva	Jordan	Corey	Theodora	Bathsheba	Odysseus	Ivy	Ivanhoe	Octavia	Unknown_G2.3	Unknown_G2.2	Wings	Orf	Juniper	Azalea	Mimosa	Agate	Zanahoria	Rambo_II	Siobhan	Unknown_G2.1	Talia	LFG_AM (LFM)	LSG_AM (LSM)	LSG_AFO	LSG_Unknown	LSG_AFY	RSG_AM_2	RSG_AM (RSM)	RSG_SubAM_1	UNKG_Unknown_1	UNKG_Unknown_2	UNKG_Unknown_3	UNKG_Unknown_4	UNKG_Unknown_5	UNKG_Unknown_6	UNKG_Unknown_7	UNKG_Unknown_8	UNKG_Unknown_9	UNKG_Unknown_10	UNKG_Unknown_11	UNKG_Unknown_12	UNKG_Unknown_13	UNKG_Unknown_14	UNKG_Unknown_15	UNKG_Unknown_16	UNKG_Unknown_17	UNKG_Unknown_18	UNKG_Unknown_19	UNKG_Unknown_20	UNKG_Unknown_21	UNKG_Unknown_22	UNKG_Unknown_23	UNKG_Unknown_24	UNKG_Unknown_25	UNKG_Unknown_26	UNKG_Unknown_27	UNKG_Unknown_28	UNKG_Unknown_29	UNKG_Unknown_30	UNKG_Unknown_31	UNKG_Unknown_32	URG.1	URG.10	URG.11	URG.12	URG.13	URG.14	URG.2	URG.3	URG.4	URG.5	URG.6	URG.7	URG.8	URG.9
St_Patrick	0.0	0.43836222197186364	0.4203884813954529	0.4442908231984667	0.44926397521006534	0.46125736428167036	0.6570838966744229	0.8013208294473533	0.7087901072115231	0.7280434611371248	0.47052425133563525	0.4292205331734396	0.4423747895994251	0.4516843417073475	0.4338559804553118	0.45513197119146304	0.48204368906406686	0.4544673388788062	0.4355174208222264	0.45333534125543246	0.4364728147840562	0.434442267537399	0.48730579968914584	0.46047506808775607	0.43546916923416396	0.48002923693456423	0.47323654510336316	0.4865448590888028	0.4874456024362525	0.4888628112078028	0.46437225977994323	0.493123356709986	0.4616815956453445	0.4570459640243166	0.4263320711297553	0.4690957740062175	0.7449064706646132	0.7410548257664514	0.7482136017161714	0.7433758894235849	0.7441854149949103	0.7414630895487156	0.7268879618733936	0.7433875494788231	0.7456569882158441	0.742398814014538	0.7410419053996643	0.7511494006530005	0.7350237601021717	0.7417064171435471	0.7385600303897166	0.7438387025220298	0.7435261570910707	0.7513904040839315	0.7587479978309021	0.7446486010368308	0.7333205100162266	0.7484976303752314	0.7507555709194504	0.7424266544066346	0.7433856037108572	0.7545102529076508	0.7571090138555934	0.7571005501448488	0.7495396289744823	0.7475054737611588	0.7471682913722242	0.7524694198567422	0.7474855720179073	0.7510822703874771	0.7398780451762333	0.74779703808685	0.743135045975689	0.7531579980691132	0.7409245371283528	0.7492794031367866	0.44469927518233454	0.5847766299297803	0.4404566448279876	0.44948316200420985	0.43702096893385106	0.4484985239551924	0.4634286671886506	0.45010260251183437	0.4537916673316248	0.42790464398741823	0.44583553207134885	0.43124211701965764	0.45530761456467883	0.4672616735401194
Abita	0.43836222197186364	0.0	0.3638198133768372	0.39743061325511214	0.38438770515333665	0.3562457239196695	0.6682702140776975	0.8152459992079347	0.7400126983243458	0.7392902648352165	0.4350920686304225	0.45444161349602663	0.37439370495342056	0.40931755829580513	0.4126480085069427	0.3908566926665383	0.43244847646647155	0.3956928648975487	0.4151311807868637	0.400458050576667	0.3622206985825358	0.4420850713595873	0.4193112404594326	0.43259131351312513	0.41785227505031225	0.4014505475928133	0.4094418489620208	0.39764769911872927	0.41004420428436333	0.43935208686638144	0.4491489295029848	0.41003500709744084	0.3952927294209729	0.439715216919423	0.4245167400011731	0.41685343663245844	0.6998610788489591	0.6922572551192997	0.7088221745657636	0.714292040424431	0.7110106453798133	0.7049342283984341	0.6917594348678874	0.7026170996737974	0.709216384030797	0.7146734008457741	0.7095671944493036	0.7163026050422594	0.7040826365619585	0.7107230428980167	0.7001470368303204	0.702305236495357	0.7030156202059341	0.718234521541022	0.7171058805486714	0.7093827066127689	0.6947016055989871	0.7231122711430841	0.7251274584245255	0.710507051648359	0.6997469342391113	0.7286579613144558	0.7231596377770991	0.7158846005099098	0.7133076753748339	0.717218407499117	0.7122984292653881	0.711911051111686	0.7013931120217394	0.7142417051089448	0.7093818340696806	0.7124250856776171	0.7129196459694233	0.7176077727023483	0.7109119233174647	0.7048443797355792	0.4180578967364694	0.6056729373404396	0.4470943416870421	0.3937773341788147	0.39112870207754047	0.4177265676886925	0.391487938120706	0.38628725187479007	0.4222242698059887	0.3931677379739852	0.41630073356517316	0.4424213843972689	0.4022778596933989	0.42583264250865893
Callopie	0.4203884813954529	0.3638198133768372	0.0	0.40002495623585066	0.40421945394570774	0.3867579552144493	0.6549966659505885	0.8054926765425304	0.7196110221750983	0.7468184202511925	0.4660553237882977	0.4422056814603594	0.3982040031486277	0.44297169266016134	0.4323390595302191	0.4080062736653622	0.42800425998582303	0.419169564698273	0.43442732792390837	0.41076480151649414	0.3953875027069175	0.4639817253532801	0.42249009810231775	0.45769281299226855	0.41221300559527346	0.4160118810827106	0.4242752953316275	0.4328246289026515	0.43083973629912586	0.4579817812877573	0.4265268657919509	0.43318947587782064	0.4098752899667947	0.44079171052675326	0.4445351943679594	0.43734363205578636	0.7256963134679325	0.7113434112802205	0.7289342415135396	0.7316304525744398	0.7279606768309902	0.7336304176588855	0.7190109428431001	0.7239111926914138	0.7254761163240843	0.7317843285895388	0.7271240853200764	0.7376790036755044	0.7198554994534051	0.7275517676461494	0.7228379886312214	0.7130012540634486	0.7313849561058863	0.7378040967966987	0.7451785497088708	0.7312978746065423	0.7224288532564441	0.7384250494589779	0.7321502529226405	0.7315046489450555	0.7325333560157107	0.7458709442049161	0.7456005497772757	0.741921304551791	0.7345670827846322	0.7284974921435585	0.7308465552964135	0.7345510293067594	0.713365923640509	0.7404727187065491	0.7262598126496385	0.7190917660908913	0.718828632942001	0.7390566311030862	0.7231391203777814	0.7336577760355132	0.42792021903296457	0.581622727726651	0.44859474212904166	0.4055770850831863	0.41966346616543687	0.42942046670996903	0.4190073091265231	0.4360959685564397	0.41941152678193083	0.39774678238355304	0.4209568073508666	0.43293407601110184	0.4212951064954479	0.4235552290672119
Alana	0.4442908231984667	0.39743061325511214	0.40002495623585066	0.0	0.43004539338194453	0.39913475012911165	0.6469888538058861	0.8233744610015692	0.7379828077866315	0.745827184813316	0.45508808712990445	0.46332845311636794	0.4060212454780289	0.4344765038874907	0.4715096924297503	0.4069134102600104	0.4275542352656292	0.4534943170037534	0.4329346909991965	0.418512347061098	0.4308491760296067	0.463868074756622	0.4435634454995723	0.4429413493129309	0.42986595090116375	0.4228769343856642	0.4300586126062779	0.442338579305878	0.41930794948597205	0.43359331194270295	0.46465353692900385	0.4117026083157659	0.3872917940246718	0.45110220727034755	0.41275225812282357	0.4531563378817095	0.7155278501332378	0.7122909842479739	0.7176588734002775	0.7225785681911312	0.7139511666420337	0.7178951287310175	0.7061879348570455	0.7228579458915776	0.728165006826325	0.7199754971239203	0.7126349422394467	0.7306320211948446	0.7225874006897517	0.7093984591185881	0.7105762215579112	0.7136704549982311	0.7142913168967824	0.7239706257909211	0.7289803951761226	0.7222416999893265	0.7080615215534336	0.7225117211860724	0.7156501533140585	0.722373595244592	0.7204798102554594	0.7243673436400057	0.7213475192120055	0.7180687753210997	0.7205247056336719	0.7188528283568949	0.7170163359137444	0.7241203229899422	0.7117620504727127	0.7356347514444587	0.718692469838922	0.7239996001791393	0.7121956222229815	0.7284629240294244	0.7313994443365824	0.7222165425643019	0.4256962848736265	0.5711831240429394	0.42829074477203266	0.38968385968660435	0.41665549403140545	0.40822469417661716	0.42618482757335024	0.40541610877429785	0.418074839454657	0.39479019605488125	0.42234800256548016	0.4356236888005665	0.42067511532369867	0.42343378782388613
Unknown	0.44926397521006534	0.38438770515333665	0.40421945394570774	0.43004539338194453	0.0	0.33527370180371113	0.6495520589183735	0.8060521105730869	0.7301264757739052	0.7285284722771095	0.4685662428194127	0.45827521415793226	0.4351664249669872	0.44447763219867154	0.4600450704491751	0.44221478144474874	0.45541374783370253	0.43832516234748814	0.4431636040035073	0.41361026466560935	0.4341783000527138	0.49477326427650176	0.4585520099246921	0.47653250833826555	0.4439129397133303	0.45641537728136	0.45603391846039315	0.461269807399263	0.4510518459494834	0.4674011610410864	0.446387242029486	0.4497107119474855	0.4265818815962077	0.48807072531801154	0.4503084587171798	0.4675999983710614	0.7240903800123384	0.7219202535697253	0.728813186976212	0.7304336367137267	0.7304373870524519	0.7288625541173788	0.7094754414182216	0.7339049149784872	0.7310595121126049	0.7306449556927748	0.7222963831526796	0.7392569872386651	0.7176633241575633	0.7298043581473078	0.7131688771347572	0.7195158038587406	0.7207286839049226	0.7317462789423742	0.7357471156943511	0.7257953361001599	0.7117476886121096	0.7332972988239013	0.7304656306712637	0.7278181613724818	0.7272913209698766	0.7450873015641063	0.7323149154384501	0.7307371861712503	0.7305125448208201	0.717069986466056	0.7299345282660253	0.7287432736048516	0.7198720224217632	0.7378552606203876	0.7232131430734315	0.7240312012933374	0.7232578556191726	0.7333383623364742	0.7388343124185563	0.7265668892145134	0.45429712126117955	0.6162842058830654	0.44537263496054585	0.4209277393247519	0.4321912851313632	0.45866394969621943	0.41774648386854196	0.4698081020870852	0.45009025331501284	0.4487562336170356	0.4297203655439248	0.4615427439059274	0.42665548997379604	0.45882907964587727
Dyani	0.46125736428167036	0.3562457239196695	0.3867579552144493	0.39913475012911165	0.33527370180371113	0.0	0.6373313005850617	0.8087077377217373	0.7386222076633877	0.7292231830808613	0.4749792140963425	0.47925028907233175	0.41528893395997724	0.4354074632517045	0.4657645337655894	0.4652287372281634	0.44626392018967415	0.4280219632369134	0.44082773474788045	0.40702494310189735	0.40374619038073495	0.46881798048720047	0.45118342388844934	0.44272053835365155	0.43846924166202733	0.4220144772086683	0.4336134516951546	0.43492212826917637	0.42739181231132517	0.4452702748291366	0.45476410282705554	0.42726944035249853	0.42988160131972797	0.48778602736720816	0.4303794868260461	0.4332343465388206	0.6993617178495178	0.6979454914154589	0.705633754910962	0.7173201339627607	0.7112804458857881	0.7023983222896646	0.6986760300755658	0.7140335164299649	0.7049018756591413	0.7059028705454063	0.7084768107720372	0.7178578968434343	0.7111977476828635	0.7034823788439314	0.7002264493825066	0.7022188115015153	0.7032215068140891	0.7117489845226033	0.7182675114998643	0.7112936710647811	0.6977117335248718	0.7205721842021182	0.722518271746147	0.7032959707161122	0.7006716254188392	0.7273561544188142	0.7111834030467183	0.715947401846801	0.7036485977916762	0.705101338939626	0.7086742119915344	0.7099088253985687	0.701132160674317	0.7122824178086772	0.7137411730738771	0.7098868584769975	0.7068506980717607	0.7125976507183193	0.7188884072243638	0.6980705769598825	0.4418361140901568	0.6079838751067403	0.4494483656213501	0.4211386355443111	0.41376422644457855	0.4254832234010628	0.4144591020964374	0.438489106244728	0.4438133634805181	0.44088923844386896	0.40282751161671176	0.4342876220885879	0.4327400925054175	0.43356949889591545
Abu	0.6570838966744229	0.6682702140776975	0.6549966659505885	0.6469888538058861	0.6495520589183735	0.6373313005850617	0.0	0.6410993463138724	0.6906321521496928	0.4696453593429648	0.6239863433416438	0.6463912155966524	0.6641259681869808	0.6788010772183439	0.6618911555456386	0.6527915318177004	0.6573987698196128	0.6512727791093952	0.6359979097015667	0.6656163449024939	0.674002970260536	0.6575062738169	0.6598593975060806	0.6440081604729452	0.6733789824538253	0.6653823600940562	0.6712885000383716	0.6816297030200071	0.6516336372376597	0.636322626578489	0.680143239793353	0.6474867024506222	0.6560987770322911	0.6608050590020907	0.6756973092819767	0.6642452495443477	0.7542209710945846	0.7536441114175055	0.7591846507042377	0.7599974838579714	0.7654338083337626	0.7508570589201058	0.751688358288008	0.7546101183619855	0.7644266058518583	0.7643586005617993	0.761381545192137	0.7746292322893151	0.7596736909272831	0.7558945548006039	0.7446673442794551	0.7652339090448415	0.7454517682263783	0.7656205351080762	0.7611729623784258	0.7605325577863002	0.7564976045792411	0.7541797868235864	0.7583441223304866	0.7672948068323125	0.7636204155379137	0.7670180363846696	0.769907103011951	0.7642635496686203	0.7640456304436306	0.7696987932354713	0.758720088041813	0.760024840784623	0.762058336003974	0.757469076190994	0.7546649117479838	0.760348383359135	0.7658558529418993	0.7589654383965634	0.7600344646458175	0.7678308841515462	0.645136151454051	0.6419710958326631	0.6382429129589924	0.6527685357775866	0.6564502972171729	0.6741355498758784	0.6612210198297804	0.6500730578378099	0.6276192371757398	0.6469486364650714	0.6421237374419596	0.6260222267287416	0.6603738057626762	0.6520273766105597
Captive_Baby	0.8013208294473533	0.8152459992079347	0.8054926765425304	0.8233744610015692	0.8060521105730869	0.8087077377217373	0.6410993463138724	0.0	0.7336663896570895	0.6373743809304875	0.781183016516467	0.7812372780268523	0.8252553240731699	0.8097423904505022	0.793308105138135	0.8011332391718047	0.8231082947448942	0.7996212567475102	0.7928448224580514	0.8180284179157984	0.8138894726996609	0.8018993949184536	0.8008706131496262	0.7916790609123492	0.8225074534407879	0.8037183799423934	0.8146076230967676	0.8103849448617898	0.8109846560769778	0.8018468210775072	0.8272619274638338	0.8073116319980279	0.8151459748497096	0.8217013543800629	0.8077367142368306	0.8097402811218771	0.843809942010567	0.8396372665761874	0.840819976078028	0.8447963138197305	0.8499087244172668	0.8391814867852204	0.8409681170049154	0.8249773895945863	0.8567565560626583	0.8512931624797235	0.8504878615058685	0.8540073796645276	0.8525236338051678	0.8375104883381808	0.8418419225088682	0.8468087267591755	0.8363674675249136	0.8531530037861341	0.8340993304558459	0.8515681876035698	0.8438586987240835	0.8472956785888994	0.8287638217927129	0.8421289818190579	0.8459513728806416	0.8368259385416252	0.8364032030026922	0.8515562438714847	0.8528108737206272	0.859579297138659	0.8447977063181592	0.8481860633111943	0.8383438474630281	0.8403467311982983	0.8424628606085256	0.8274827212584709	0.8400395911578535	0.8438037614682684	0.8362546630099256	0.8392583264004543	0.7929126265562765	0.7583598887621591	0.8052351339471493	0.8203531714943407	0.821430761244572	0.827785592296488	0.8156392025075977	0.8174839932956859	0.8124382045429129	0.818286465358016	0.8110019466676153	0.8000317323315926	0.815815278840564	0.8105289650475684
Marra	0.7087901072115231	0.7400126983243458	0.7196110221750983	0.7379828077866315	0.7301264757739052	0.7386222076633877	0.6906321521496928	0.7336663896570895	0.0	0.6480459304552715	0.6965609437626047	0.7426026708330226	0.7212156901921746	0.739784495591205	0.7403441088167136	0.7131664065989547	0.7471228283356313	0.7413336750700174	0.7469336121406533	0.7272826169168515	0.7405925502782665	0.7498886986891233	0.727527735435634	0.7397521695025769	0.7370181171751671	0.7562338867515007	0.7263770164988359	0.7444306176666005	0.7198496445146462	0.7353515949988476	0.7481609880254121	0.737819476985454	0.7351853665167396	0.7440729009579758	0.7213116690306456	0.7402420682747802	0.8163799126976314	0.8140063696349972	0.8091462805898333	0.8149128450188259	0.8124346462246657	0.8080224712226723	0.811029111935213	0.7925291966614527	0.8207242171480822	0.8262001661728386	0.8190020356809347	0.8255758563154044	0.8174382940588233	0.8103967683055059	0.7976573434947409	0.8100521052657028	0.8032649879408704	0.8108742321784614	0.8108988483982023	0.8066552558557841	0.8104877716820676	0.7973797014196897	0.798868815477147	0.8063514754043323	0.8094762351033461	0.8063950749918678	0.8199993239012113	0.823780065259523	0.8254608776315944	0.814775172893261	0.8080962422692609	0.8203133406711779	0.8113685267774535	0.8229905825812752	0.7994259767372792	0.8107167069305279	0.8097227315554578	0.8105788753384786	0.809904494551294	0.819727089131869	0.7289757953323791	0.6888188480753689	0.7430122206490282	0.7414281797995856	0.7348952454880082	0.7510436026281632	0.7624912677527538	0.7363131650767718	0.7540929649325585	0.740652883039488	0.7350382502514659	0.7214059134190194	0.7438762825187323	0.7403050280174887
Nilsson	0.7280434611371248	0.7392902648352165	0.7468184202511925	0.745827184813316	0.7285284722771095	0.7292231830808613	0.4696453593429648	0.6373743809304875	0.6480459304552715	0.0	0.6962315840247691	0.7279696296430231	0.7390009114573953	0.7549548284660399	0.7388005550926816	0.7256769339540537	0.7437323855467334	0.7306791381519319	0.7281298603534319	0.7440800691475921	0.7544432650822719	0.7389496601063935	0.751084076892497	0.7251202102132738	0.749491153362087	0.7530850418474458	0.7335892773312938	0.7584376652867655	0.7329407013575734	0.7287202778190487	0.7661995484562611	0.7484408970689969	0.7281570218371489	0.7313082831322307	0.7572119424533017	0.7329410715432912	0.7980224820736876	0.8024357449616497	0.8020546105311765	0.8102089732572417	0.8074101475516033	0.7997866298568127	0.7986041171280326	0.7988456170682635	0.8100067216362067	0.8098291263715909	0.807448953426261	0.8192165854487259	0.8106879478185364	0.8094758450082513	0.7912017320690616	0.8092314505501909	0.7918281383733428	0.81425177853826	0.8028343162335799	0.8057933555869721	0.7983157252843585	0.8016833798930174	0.8101715301329692	0.8183522507200944	0.8017632337697547	0.8217292019549302	0.8107091615396553	0.8084562699435989	0.8213338451830178	0.8127495787387317	0.7959243250517064	0.8031916278138908	0.8013817474945067	0.804847817812297	0.7986814702603515	0.8115978802160259	0.8103006026404964	0.800396451683085	0.8117007603784158	0.8150259307821798	0.7304655698871749	0.6766681835690349	0.7295498377400992	0.7453089909571924	0.7371681357152705	0.7704497634660393	0.7455596463785734	0.750475333176561	0.7264431249886759	0.739837503884847	0.7322325368903908	0.722348561005608	0.7536316752059399	0.7343923284961341
Unknown_FRC5	0.47052425133563525	0.4350920686304225	0.4660553237882977	0.45508808712990445	0.4685662428194127	0.4749792140963425	0.6239863433416438	0.781183016516467	0.6965609437626047	0.6962315840247691	0.0	0.4986909525852412	0.45304158616527507	0.5049433698171368	0.506523021251804	0.45291109661076645	0.47428486276231946	0.4694483695115488	0.4505583378343754	0.4463375703444615	0.48254512968130037	0.5079624154364377	0.4765497986235452	0.49001007795262885	0.47779402899561113	0.5001448131723646	0.4819114632717629	0.48875033740518864	0.47506094860094106	0.45690961077793596	0.5296634905710724	0.480340721961149	0.4621817169525412	0.4928665471502198	0.49655400056344756	0.48686946213711696	0.741231091873634	0.7459813306688956	0.7424381140471356	0.7515434199020793	0.7481524611833491	0.7564865731403163	0.7431829427717169	0.745300122211632	0.7544471693097717	0.7664622575627767	0.747160050192962	0.7624166261347444	0.7466175040716652	0.7575681895014457	0.7413286221592919	0.7450207756627639	0.7404462337564499	0.7609127415325332	0.7535253861649371	0.7484744267435787	0.7382246379102008	0.7616408210162287	0.7506132439430692	0.7585565916489231	0.7467754042199246	0.7634793307303605	0.7596370143400806	0.7574484748241272	0.7521079136117247	0.7575176045991616	0.7558532125215593	0.7595324873200439	0.741630581704958	0.7650191485407428	0.7409208177249742	0.7555627470273589	0.7524095420498309	0.7614763863517838	0.7515412640234108	0.7636621132679298	0.4655351501435254	0.5731350160701525	0.4722508937832135	0.44957594933194023	0.4586737251613897	0.4962751160190261	0.47814156200933716	0.4451688692676069	0.46284463483569893	0.4482671808620893	0.44729085830897314	0.4614623378502823	0.4593449646194476	0.4704788602685708
Nyx	0.4292205331734396	0.45444161349602663	0.4422056814603594	0.46332845311636794	0.45827521415793226	0.47925028907233175	0.6463912155966524	0.7812372780268523	0.7426026708330226	0.7279696296430231	0.4986909525852412	0.0	0.46655728899715027	0.4959199685069041	0.487983909602248	0.45968188377533614	0.4580612523283896	0.4494360848314084	0.4285244959033965	0.4472460075659009	0.46464396152274695	0.46102199125521265	0.4874903709673363	0.43549283010054324	0.4442130415158054	0.49543379813861343	0.47072486659019397	0.5082047911309336	0.4866815512024421	0.47413550533271787	0.4810858998454147	0.5214886633892337	0.493372989028649	0.45034600767092636	0.470340439773019	0.4930931883020137	0.7562665392923219	0.7591170689391723	0.7630417402358953	0.7627917329681247	0.7697404413344161	0.7546600154406281	0.7518324579992616	0.7572511323729023	0.7665823028552994	0.7619804781151736	0.747784059598715	0.7656491405306304	0.7583693342948471	0.7664947342140309	0.7502500830456058	0.7500414098237018	0.7505343281612594	0.7684384381107391	0.7786480914520167	0.7656515216484828	0.7578232468085335	0.7786132746315119	0.7668144221100751	0.7699813937341519	0.7694999489124883	0.7709065857706754	0.773935692481276	0.7668981447707799	0.7725076162092823	0.7556982835855628	0.7709789103874453	0.7658077738620727	0.7607525461739952	0.7782847137715768	0.7523439734764578	0.755375646495758	0.760612870510107	0.7727262347801255	0.7496912735015878	0.7595921884424877	0.48399039784504577	0.6024014971263435	0.44650483296020366	0.47503858225219436	0.4442410755883137	0.508846963131824	0.5024694274579274	0.48418367687647523	0.48899884241692937	0.47931747532873364	0.47113768229261255	0.4704663996378427	0.4774427458214883	0.48274233616382345
Ariadne	0.4423747895994251	0.37439370495342056	0.3982040031486277	0.4060212454780289	0.4351664249669872	0.41528893395997724	0.6641259681869808	0.8252553240731699	0.7212156901921746	0.7390009114573953	0.45304158616527507	0.46655728899715027	0.0	0.4113750075632696	0.41459930246203985	0.4125819981796504	0.38888861196608526	0.4118599343022549	0.40708037605266456	0.3801239375537909	0.38504216516807765	0.4646620979954077	0.3830755022518538	0.448426329173484	0.4055568877925337	0.4146051540978343	0.41409270373694396	0.38761833383665534	0.41027444040066696	0.4212691241613648	0.4268556942418662	0.38376899537920195	0.37631465106367523	0.442754890870882	0.4184859966853506	0.393747795343927	0.6949890376421373	0.6865957298469132	0.7032627676712305	0.7068764763580005	0.7069710396310571	0.7047404410730983	0.6988862076316051	0.7082663471857843	0.7043106500233701	0.7128542531407255	0.6998563211170242	0.7140942257132856	0.7064094599481076	0.7030061586378082	0.6997437243798564	0.6906895344147101	0.6994056146698491	0.7060661569750982	0.7178463763465687	0.7057458214532352	0.6881079507978018	0.7119240015084943	0.7119077393672956	0.7080268840392846	0.7147740119756372	0.7199962744459089	0.71406228596802	0.7083113615239722	0.7129916016072225	0.7060215085966187	0.7045403409932487	0.706242981661467	0.7043894377355238	0.7215178448833984	0.7047981877279983	0.7078742860821723	0.706618310399168	0.708290725316054	0.7125635607130553	0.7086371370319184	0.4048160303099428	0.578822276565972	0.4349484001625645	0.37860423753486644	0.3762809841172735	0.3963235126285746	0.37421556229639236	0.38252686945688996	0.4137180487020851	0.3869552346024252	0.4104112582033417	0.41798718064728874	0.3848135745171423	0.4129575217205437
Luna	0.4516843417073475	0.40931755829580513	0.44297169266016134	0.4344765038874907	0.44447763219867154	0.4354074632517045	0.6788010772183439	0.8097423904505022	0.739784495591205	0.7549548284660399	0.5049433698171368	0.4959199685069041	0.4113750075632696	0.0	0.4447422813369256	0.4418925118212403	0.40002301138373225	0.4739789252887205	0.4473280064812473	0.39968075106238005	0.42989887438751506	0.4575899576111061	0.44029436016596063	0.45387173444043244	0.45727030686621817	0.44327595593061814	0.4667718700358798	0.429565957411672	0.46774724387776834	0.4691982710736492	0.4285321427976392	0.459311487965427	0.43555040364386877	0.5030282326251633	0.4346185912039442	0.4676521596508891	0.713558341269362	0.7033761843609934	0.711500013441719	0.7202906703249968	0.7169621097105991	0.7188017818197023	0.7053053668849227	0.7222614436571719	0.7186524257043765	0.7193605046945803	0.7105956395393974	0.7215591814637691	0.7159653321093385	0.715637337536333	0.7091573786613051	0.7018190266189941	0.7101575899989313	0.728056760111523	0.7301195188935519	0.7179165971291116	0.7109303883781551	0.7227813226820614	0.7195107187002315	0.7177239537928785	0.7239208161320575	0.7274000192414279	0.7240569873144163	0.7181956398084061	0.7112410113121507	0.7190382371863739	0.7216097888798955	0.7186733643759193	0.7205346660501726	0.7362965692822098	0.7122409647175615	0.7081902076237674	0.7093871263467451	0.729356573209288	0.7292845724744665	0.7196089627690815	0.4595125896924374	0.6109053766148428	0.4575912314523233	0.42864522461051335	0.4379391594514687	0.4252972329607756	0.42505236898105103	0.43877077952777155	0.4599507691407178	0.4346479312711556	0.43195332964923644	0.4515987172727978	0.4144418121548874	0.47054050129866104
Minerva	0.4338559804553118	0.4126480085069427	0.4323390595302191	0.4715096924297503	0.4600450704491751	0.4657645337655894	0.6618911555456386	0.793308105138135	0.7403441088167136	0.7388005550926816	0.506523021251804	0.487983909602248	0.41459930246203985	0.4447422813369256	0.0	0.4328740137929594	0.4200800685053395	0.4280145915673461	0.437493998016505	0.4432794745480976	0.4168214163265692	0.4748373058630281	0.4793004522757772	0.47090620093953084	0.42794629312056653	0.44928022372515924	0.4266249264511304	0.4241518543341994	0.4574369608146974	0.49078065389824815	0.4511721886085629	0.4831431321851606	0.44370563883747943	0.44984250084496763	0.46906717632948625	0.42397676236340875	0.7253861689476075	0.714200589816884	0.7282639796580099	0.7262781984283442	0.724490985016328	0.7264321562028289	0.7050767793859697	0.7205741712912065	0.7234647871217723	0.7221337699875432	0.7163738108027206	0.7320733745761344	0.714922583516994	0.7124366718951953	0.717087575577928	0.7186194147243282	0.7161983069078611	0.7218547095951109	0.7397009824775477	0.7204876178171231	0.7199216256080794	0.7341443899189342	0.7336897756381497	0.7232246000186824	0.719660546106128	0.7342124846380784	0.7390700487813493	0.7287040583848972	0.7245535861773212	0.7351561635060041	0.7311489556527894	0.729872046597543	0.7280106792322134	0.7301061433155323	0.7210198125837965	0.7232440089798047	0.7247726561936026	0.7317257485432699	0.7204314084262644	0.7320793624459123	0.45189192168630316	0.6081138370416096	0.4392689682329056	0.42744486715716623	0.4339317867885858	0.4437037312050302	0.4400007086479579	0.4364916799675102	0.4344695646106819	0.4327641441486668	0.44929452785614077	0.4474333941661732	0.438162913676114	0.4453150245525536
Jordan	0.45513197119146304	0.3908566926665383	0.4080062736653622	0.4069134102600104	0.44221478144474874	0.4652287372281634	0.6527915318177004	0.8011332391718047	0.7131664065989547	0.7256769339540537	0.45291109661076645	0.45968188377533614	0.4125819981796504	0.4418925118212403	0.4328740137929594	0.0	0.4279605221583453	0.40856512655891725	0.4407936218544302	0.3953716443142383	0.41808228664091307	0.47757798080237784	0.40413280880522645	0.4415430060318944	0.44373555323089464	0.44417871294969463	0.4176606628385168	0.45221893398215524	0.443521749404712	0.41817757868422606	0.4649627228055112	0.4266738412531386	0.4029877656710112	0.4568928169362389	0.45741304455117243	0.4136402474194301	0.7131350899839934	0.7173555205948478	0.7216796749982022	0.7388314548105629	0.7205026401338209	0.7228178629667809	0.7096276668130986	0.718386934723945	0.7334698482190937	0.7291389388604187	0.7193243845815783	0.7306852173835805	0.7228883608077695	0.7158824755813191	0.7160016787384451	0.7182940413922985	0.7146443209682254	0.7327260290344868	0.7282940213245639	0.7230164526758522	0.719218752976655	0.7291131562231978	0.7262189543036944	0.7305104613130684	0.7340760250795367	0.7395602794319629	0.726586954371984	0.7214955787445091	0.7339257113853708	0.7352123789606893	0.7268462159645871	0.7216223332726461	0.7145360399701994	0.7490144025090121	0.7125575440226751	0.7163278160516545	0.7178106448384991	0.7310341540880438	0.728346940285044	0.7263667560156803	0.4416696431240238	0.5704430779951343	0.43666821186567295	0.4151859607611541	0.4147701252772225	0.44209167814855044	0.40644105602180636	0.3979777233865856	0.4210848039069873	0.38590302448042585	0.4431822428145231	0.42119767906385497	0.41399344803163834	0.4396256724971175
Corey	0.48204368906406686	0.43244847646647155	0.42800425998582303	0.4275542352656292	0.45541374783370253	0.44626392018967415	0.6573987698196128	0.8231082947448942	0.7471228283356313	0.7437323855467334	0.47428486276231946	0.4580612523283896	0.38888861196608526	0.40002301138373225	0.4200800685053395	0.4279605221583453	0.0	0.4412900354401527	0.45244003480651446	0.3967971844868196	0.4175220659838868	0.4909724010693182	0.42671567961761453	0.44366985681258786	0.3924058317179409	0.4327972151505507	0.381477172149381	0.4106504306126299	0.41866681579663556	0.42834959423377195	0.42724011489183483	0.43263390917515787	0.4180540461663186	0.4504007015963957	0.4268196213013313	0.44149049608429314	0.7219622507543034	0.7074744711505195	0.7211785782752252	0.7237514428481012	0.7220367760579938	0.7206523204525812	0.7132073008968116	0.721998685215247	0.7174670783492977	0.7160003708250631	0.716592688690852	0.7282906088483899	0.711309555290771	0.713441776900901	0.7153976006766877	0.7084268105993756	0.7143745093166418	0.7310637441548633	0.7359394203979633	0.7207409893081069	0.7170371118092046	0.727826045978065	0.7211127830246653	0.7208179342155463	0.7317744079677645	0.7368728800525042	0.7347909758499079	0.7244547598319655	0.7191002635935076	0.728799629785359	0.7387576626543022	0.7251201224123606	0.7332355416186743	0.7367089512114648	0.7110322036172027	0.7166124744060743	0.708215355708036	0.7325787318415283	0.7232333643169144	0.719916946058406	0.42721145215404577	0.5677588187334316	0.4198674457825019	0.3844668680374664	0.39258394216740305	0.43058814424626213	0.4229064234672417	0.42184443759528595	0.42689000887993184	0.39539037017283596	0.418277129392798	0.4445765227491716	0.3876438974842254	0.40033616013843976
Theodora	0.4544673388788062	0.3956928648975487	0.419169564698273	0.4534943170037534	0.43832516234748814	0.4280219632369134	0.6512727791093952	0.7996212567475102	0.7413336750700174	0.7306791381519319	0.4694483695115488	0.4494360848314084	0.4118599343022549	0.4739789252887205	0.4280145915673461	0.40856512655891725	0.4412900354401527	0.0	0.4275965669297441	0.42433967283977075	0.39963397318286464	0.47691739669793043	0.45080394544498364	0.423086456563345	0.45788420301855987	0.4082146506300555	0.4367149922627954	0.44944559379658244	0.44884847466717614	0.4805662982955686	0.4733171413880639	0.44297168643857615	0.4358313741028357	0.44752912898379055	0.46532974715998754	0.43733491939301666	0.7001597225457077	0.717950705925251	0.7242541115340752	0.7285643451208141	0.7224885833694802	0.7167466222630623	0.7084088162607438	0.7216544061285786	0.7276950415570034	0.721112051389777	0.7129101751283548	0.7255123740831223	0.7179390710251284	0.7135735346612063	0.7202531906070849	0.7177435535026311	0.7028324313068083	0.7271463619516246	0.7298036914926666	0.7180926051578377	0.7131021305493537	0.7343634167958144	0.7399099780465904	0.7286756041272326	0.7240332025432828	0.7407597560155688	0.721549186528887	0.7201799610872744	0.7270262468903845	0.7305765829505602	0.726086542341981	0.7168649189395285	0.7182336464914664	0.7328762557838491	0.7087434993930344	0.7173729753420283	0.7150402223028911	0.7233579701436672	0.7108391596088598	0.7215050398300457	0.39457651023575085	0.5992497155645572	0.4193878713732122	0.4357773612948246	0.40753204153708467	0.4311707647696444	0.41717421218786194	0.43546040449351586	0.43855076632609924	0.4298377783776882	0.4292739852167357	0.4316490382311842	0.4199538098226401	0.43859922394334844
Bathsheba	0.4355174208222264	0.4151311807868637	0.43442732792390837	0.4329346909991965	0.4431636040035073	0.44082773474788045	0.6359979097015667	0.7928448224580514	0.7469336121406533	0.7281298603534319	0.4505583378343754	0.4285244959033965	0.40708037605266456	0.4473280064812473	0.437493998016505	0.4407936218544302	0.45244003480651446	0.4275965669297441	0.0	0.4052015701151624	0.4105497012354882	0.4360734273878877	0.42150668264309643	0.40286239438842825	0.4375234002166017	0.43993073638253394	0.4648088043642415	0.4597786945920529	0.44024686942012414	0.4415623604686192	0.4324899882783873	0.44770255675724613	0.4292893161520293	0.4748801073528034	0.4167416224030995	0.4600564028701967	0.7286411328305648	0.7258374991513709	0.7355300005308711	0.7332575395394263	0.7300792781740826	0.73450208957766	0.7232859436641281	0.7248524317191499	0.7405593364026848	0.7287135712698607	0.722964834634655	0.7431565422641568	0.7285925729979735	0.7296623520447658	0.7317874387345874	0.7211020836292835	0.7337334827110845	0.7341133094303356	0.7394863634492203	0.7299988046165148	0.7228580489771125	0.7407745501126105	0.7377881297958088	0.7375433376204693	0.7323832166462082	0.7381636202735852	0.7418861647293692	0.7380600280878798	0.7332306338834076	0.7331874429615816	0.7370926433654004	0.7359457618265248	0.730260620133621	0.7502286421285371	0.7324675133003329	0.7371146612047554	0.7396782353635754	0.7491919906128405	0.7199771892058481	0.7325972092697179	0.4351277517890682	0.6167573781151903	0.43792281325305915	0.41768913329490726	0.4061678026829201	0.41205788766576035	0.42159669548680767	0.38539813229390824	0.44638082463327133	0.43173372437543756	0.4408667841473819	0.4239067252422377	0.4232286049774331	0.42367562245636364
Odysseus	0.45333534125543246	0.400458050576667	0.41076480151649414	0.418512347061098	0.41361026466560935	0.40702494310189735	0.6656163449024939	0.8180284179157984	0.7272826169168515	0.7440800691475921	0.4463375703444615	0.4472460075659009	0.3801239375537909	0.39968075106238005	0.4432794745480976	0.3953716443142383	0.3967971844868196	0.42433967283977075	0.4052015701151624	0.0	0.366817252425656	0.4682302124783588	0.3078947432018579	0.4269487068278127	0.38061713422354315	0.4427937929236171	0.4204069072453212	0.4280476862019915	0.4109414672940723	0.41186013955686984	0.4297986683308783	0.3863670923939633	0.3943601255592728	0.481275830385559	0.40569902209775766	0.43207826236020386	0.7183347362211924	0.7133313336992593	0.7216674812730147	0.720622568989698	0.7325569549362775	0.726792993064382	0.7096716536912017	0.7267756906741616	0.7221548318701098	0.7279995373096954	0.7126667915956653	0.737175766422551	0.7195776859091317	0.7199789222948665	0.7140490330338858	0.7139577030078263	0.7201874533767039	0.726019753359919	0.7352658816920938	0.7203759551395721	0.7133279354863352	0.7238179325539441	0.7209276619516102	0.7257367731494104	0.7279833156737753	0.7298238655804992	0.73274689230574	0.7227876760578471	0.7167611133069246	0.7187158075021837	0.7221490665323061	0.7238910057106017	0.7114742148737984	0.7394566929991202	0.7193342717750415	0.7230072664431229	0.7173214146295079	0.739608542368407	0.7226476842351818	0.7195967285513934	0.3980539086723451	0.5982569121388104	0.44143363855742873	0.3731678095098267	0.38784136600220154	0.3928231719363492	0.3886466365260894	0.37508570962153315	0.41535868786807106	0.38697638559726855	0.42744643132886034	0.3963322689392909	0.3701866519073211	0.3849868477960085
Ivy	0.4364728147840562	0.3622206985825358	0.3953875027069175	0.4308491760296067	0.4341783000527138	0.40374619038073495	0.674002970260536	0.8138894726996609	0.7405925502782665	0.7544432650822719	0.48254512968130037	0.46464396152274695	0.38504216516807765	0.42989887438751506	0.4168214163265692	0.41808228664091307	0.4175220659838868	0.39963397318286464	0.4105497012354882	0.366817252425656	0.0	0.4385015819143026	0.4015847727692059	0.4018553604585708	0.419160087691113	0.40804720610778455	0.4102228089911002	0.4194156696303326	0.39923217340250344	0.445113050630239	0.39576201535045835	0.386109660310298	0.38774794172414795	0.4570672214734644	0.3985531558716059	0.406287653714143	0.7101606127175312	0.7035936597508555	0.717282682731087	0.7227087528312548	0.7221714547353277	0.7225948953995277	0.7003298900296726	0.7186950502474181	0.7164690760386201	0.712575501560085	0.7137511524550318	0.7220839174705103	0.7141966723715074	0.7152300465141729	0.7089763180297042	0.7075288818763726	0.7139397855279622	0.7193780042765715	0.7286588165160447	0.7128301900138683	0.7059592392148204	0.7249671831180274	0.7167257120680354	0.722227104904876	0.7183976923671156	0.7283308069209287	0.7293351374629083	0.718523321377346	0.7185263290299843	0.7136479303020672	0.718388313442925	0.7171394492412609	0.7066781624105531	0.7239262766461264	0.7145114025661506	0.7106491203406625	0.7140763236809287	0.7233899283824986	0.7051638199688376	0.7087403931644944	0.38094863483558966	0.5923121939514728	0.45903515671060463	0.3726862492777324	0.37278420774853743	0.36877313427856806	0.388408255311122	0.3985828809200407	0.42570668909374504	0.38170899055025137	0.4370226146195955	0.41751543659769713	0.3873508883383492	0.40061174705743174
Ivanhoe	0.434442267537399	0.4420850713595873	0.4639817253532801	0.463868074756622	0.49477326427650176	0.46881798048720047	0.6575062738169	0.8018993949184536	0.7498886986891233	0.7389496601063935	0.5079624154364377	0.46102199125521265	0.4646620979954077	0.4575899576111061	0.4748373058630281	0.47757798080237784	0.4909724010693182	0.47691739669793043	0.4360734273878877	0.4682302124783588	0.4385015819143026	0.0	0.502767907361142	0.43887609019853396	0.4877773535357569	0.4800573079207557	0.4631230733843191	0.4805793151613349	0.5026197457895749	0.4439256656190368	0.4384994315517153	0.48740087052674147	0.4540771579733572	0.4760525467383757	0.44295058168066503	0.49429764846907304	0.7522535770114803	0.7400806112848678	0.7573605884102323	0.747469339570456	0.7475976821017025	0.7462512324253529	0.7408905768266996	0.7460710067453098	0.7491686479020317	0.7428980487662388	0.7484050458693506	0.7576385751195938	0.7438861429233317	0.7484735449936348	0.7359245073756967	0.7301428715835409	0.7424931869946748	0.7512978379873878	0.7708903913035464	0.7466430445073282	0.7412364166044004	0.761993847123026	0.7540549672859194	0.7481728361577269	0.7426654974091664	0.7595709555127592	0.7584467797951202	0.750392621075871	0.7458621191092729	0.7559418106592505	0.7583656512104096	0.7523563360549963	0.7548740720595297	0.7593578361110201	0.74512294569095	0.747679963674072	0.7472561437967584	0.7596495250267947	0.7415894440207825	0.7437175636974074	0.48264777673895	0.6092723404043107	0.4588461778768326	0.4446528874700017	0.422481694854927	0.44815101813006747	0.4454380399677192	0.4452209615547355	0.45757207962868474	0.4373701343935414	0.44661789070998814	0.4511386967980767	0.48041728803242495	0.4603444770504898
