	UNKGMB37	UNKGMB10	UNKGMB19	UNKGMB7	UNKGMB6	UNKGMB38	LSGMB16	UNKGMB5	UNKGMB24	UNKGMB26	LSGMB10	UNKGMB28	RSGMB3	LFGMB1	RSGMB4	UNKGMB36	RSGMB5	UNKGMB12	UNKGMB25	RSGMB6	UNKGMB30	UNKGMB14	UNKGMB13	UNKGMB8	UNKGMB21	LSGMB14	LSGMB11	UNKGMB34	UNKGMB20	RSGMB7	LSGMB15	UNKGMB27	UNKGMB29	RSGMB1	LSGMB13	LSGMB20	UNKGMB33	LSGMB1	LSGMB17	UNKGMB35	LSGMB19	UNKGMB18	UNKGMB23	UNKGMB17	UNKGMB22	UNKGMB4	UNKGMB15	UNKGMB9	UNKGMB11
UNKGMB37	0.0	0.13397255916783216	0.11555456447385959	0.1171221179553563	0.10088170910769487	0.18149589465093846	0.06919018697449318	0.14515035818029398	0.11791686808332746	0.10261094552002833	0.13806408111365015	0.0697777590192026	0.08963342122366764	0.10754417158638263	0.14142888840310455	0.1148799124213799	0.19874661377015979	0.1153057564308633	0.07611196738046362	0.1726445205677114	0.08552471270765492	0.12693505008892655	0.12826968819518866	0.15529153693871178	0.10841630750527007	0.07732828974685417	0.08524679312569147	0.07809767084263182	0.1288719100757177	0.182944075682439	0.07281992319886087	0.11073912162847803	0.12355774041986302	0.17109810023228977	0.09848754804706022	0.11859043814330678	0.1080312202278901	0.12176292784221211	0.06560981085149163	0.0967968888856081	0.13040596783215816	0.09101762071031878	0.11921022164269632	0.09133585920383362	0.12726648857311113	0.115866041044392	0.14952805666823654	0.12258289247899211	0.12479368056572208
UNKGMB10	0.13397255916783216	0.0	0.13742090689035494	0.09953686408744868	0.11301443800587074	0.16585110460089045	0.11471205022224013	0.1563752454194391	0.17210979276254956	0.12599317706133054	0.08480745014165214	0.16429839183235645	0.13149268699216565	0.13763301154664126	0.08821327603054854	0.11739277501090566	0.13325613733333463	0.09419775772609414	0.14693498118305343	0.11304558759262465	0.11658931893987506	0.11584781631328767	0.09740906555209426	0.10402477409554904	0.14294412794659647	0.12262390560766225	0.17890656100460625	0.11933424077614913	0.12405944489351153	0.15225146294460054	0.11912017938408663	0.11375496745692769	0.18450387286125083	0.15453766763329388	0.1069702279880695	0.10727493146337685	0.10442728347285539	0.1279887945998099	0.11397870460853932	0.09041504020969097	0.15973326528817458	0.13373634526849407	0.10730293785068334	0.12018298933735864	0.10642684995620644	0.116179415705777	0.0968118713808355	0.08762083363443189	0.08697633571301011
UNKGMB19	0.11555456447385959	0.13742090689035494	0.0	0.10133046481142942	0.08688518380410114	0.13782676545387818	0.09341744254898615	0.18703360199667393	0.11557623187547972	0.08757507686093217	0.13823643707564398	0.1168163106977801	0.12786439665157148	0.07088927600992831	0.13073058496476564	0.11670195461232803	0.1550304949670983	0.11889944847206678	0.13247130214504832	0.17705839722346803	0.0900851159528228	0.11412850655362662	0.13042241617592018	0.15578233493775853	0.1096293510482106	0.09875892051604371	0.141781106615208	0.1048942978412551	0.11600190038139661	0.14155718287909538	0.09049452757700466	0.09830706184326882	0.10631295231077502	0.10903738474475509	0.11578698729935584	0.11050780814671532	0.10568114693205584	0.08125612876146249	0.09025039251513592	0.10970730660086511	0.10640539621456735	0.14907533109521437	0.10295539611432514	0.1052539914499675	0.10488779857477204	0.10982261628295949	0.11203896654880263	0.10771759308963456	0.11001298332245162
UNKGMB7	0.1171221179553563	0.09953686408744868	0.10133046481142942	0.0	0.07397016789888335	0.1328235093185613	0.10724521242919856	0.15175422402052136	0.15480228657545136	0.11356559899708457	0.10262479532777426	0.1550497259977732	0.1116252098472116	0.0912305912697993	0.08535167263652618	0.11561624104426593	0.14876149902010546	0.08809893363479046	0.13346418436327404	0.1220402397575785	0.10418923971089386	0.09795954972416407	0.09327181856762073	0.09925130705567443	0.1302315948916863	0.11712476586571112	0.16799997974985711	0.10542558664981838	0.1273741105370972	0.12061788588584388	0.10948496690206476	0.11085543580281242	0.1571743339161279	0.10677860262116491	0.10745279077932826	0.08680035570278959	0.10954901685437538	0.0854910473403283	0.10433387681407037	0.08574630791322194	0.10889886411721175	0.1462614429276473	0.10537421831084683	0.09605565402841341	0.10884960202266535	0.06678497181954704	0.0967529901570428	0.06588187320342054	0.08337094786403487
UNKGMB6	0.10088170910769487	0.11301443800587074	0.08688518380410114	0.07397016789888335	0.0	0.14494168910704447	0.10075311100470473	0.13757344046260406	0.14747852972647502	0.11877131110933971	0.11656687133718426	0.13585671405411542	0.1040695393898392	0.0935430328442487	0.0998182961810919	0.12222555668567145	0.15805298203393964	0.10388598646312189	0.11291550528114157	0.14348336900772682	0.10183196044527554	0.11679274354088934	0.11426822563495105	0.11639558231589364	0.12338679489180347	0.10621632699844553	0.15106903060541046	0.10278229930382841	0.13719421733770018	0.13099005194033114	0.10608018332401334	0.11991058864217585	0.13457193143515955	0.1134358072722831	0.09473116679116554	0.10014279092725503	0.12108955761940442	0.09078161350554245	0.09690554981251834	0.0925946440174961	0.11319814338223766	0.13238313593856646	0.11852807959170719	0.08871908961075611	0.1162345247927105	0.08442338611751948	0.11189805393404277	0.09615234121251036	0.10432420805880811
UNKGMB38	0.18149589465093846	0.16585110460089045	0.13782676545387818	0.1328235093185613	0.14494168910704447	0.0	0.1621771756732844	0.22806290382848765	0.20406565219487113	0.17764233347556654	0.16327814086171427	0.20353981741799484	0.1952430193305269	0.15315965497935333	0.15773144841800904	0.17236890277479838	0.16563822335105063	0.1590260609354757	0.19409565193735895	0.1922247566771215	0.1586516531566987	0.14665856158342044	0.16457005998682364	0.15788870626285956	0.1887563620436684	0.16813876365667055	0.2106447496945758	0.17313424110942421	0.17803508869008006	0.15260451025395486	0.1659087891441327	0.17615029389449927	0.1275018306175869	0.12871963901443056	0.1719561382834315	0.15567538211779483	0.16958776228437678	0.1485302120455555	0.15678472955577386	0.15210013468087982	0.12709007977527387	0.21245538247002183	0.1583080404930728	0.17345639945731264	0.15521613910201612	0.16346787084394226	0.13595003103446526	0.14395982725083156	0.14900303649704083
LSGMB16	0.06919018697449318	0.11471205022224013	0.09341744254898615	0.10724521242919856	0.10075311100470473	0.1621771756732844	0.0	0.15703256236134217	0.10237290584346448	0.0713248931498782	0.12730818973130054	0.07967115016332282	0.08773612929183316	0.09934057575606393	0.12691604748510343	0.07895301147791049	0.1822954172582051	0.09899535480153275	0.08167370045528154	0.1658422626215651	0.05137891045569359	0.10692337883047084	0.10831040162958318	0.14137330178673618	0.08678551576249059	0.029033926321283897	0.09925846623931128	0.06545667533237343	0.08689446526617423	0.1759815185378673	0.020984818579459316	0.08870948308785973	0.1055927785989584	0.16040114561294522	0.08493912652457938	0.10152345354723409	0.06875278950202307	0.10293013881191591	0.03653636340412355	0.08704375785330222	0.12303276951843707	0.1039683069392557	0.09054700426081548	0.081853264842152	0.08495987958199398	0.11321982676342904	0.12502575867087404	0.11437313110834109	0.10069586732176691
UNKGMB5	0.14515035818029398	0.1563752454194391	0.18703360199667393	0.15175422402052136	0.13757344046260406	0.22806290382848765	0.15703256236134217	0.0	0.20059982106343185	0.18481720006896854	0.15545013160019214	0.17446211447780746	0.1244289834462819	0.1769932063999948	0.1706197592650603	0.18676766837384942	0.2312871708292587	0.15287356239463476	0.13496247182194268	0.17817915220005062	0.1672312745240894	0.17229805297162062	0.14906249822275888	0.13670901076171987	0.18026513396175067	0.15735794024536315	0.17823866919662532	0.16263360329594886	0.20372438182322333	0.21138407711246748	0.16311379747648022	0.1962020054613332	0.21229016035456133	0.19269484845620805	0.13045006968468165	0.17344318816678583	0.18888026870361635	0.16962319395300202	0.14909312761212862	0.1648435334038659	0.18534620755645662	0.13660735935615853	0.19216766117542833	0.13387673107538978	0.1871795878165685	0.13138528499812724	0.20411818188726183	0.17414396171743357	0.19035320642593018
UNKGMB24	0.11791686808332746	0.17210979276254956	0.11557623187547972	0.15480228657545136	0.14747852972647502	0.20406565219487113	0.10237290584346448	0.20059982106343185	0.0	0.08268857761625319	0.17368848350270102	0.09496177759197037	0.1288039599770185	0.1308231368024394	0.18083557358733443	0.12926844391886122	0.22210990558723007	0.15578891011045645	0.11825981316219367	0.20125153785771108	0.10952837103894286	0.16549978898832424	0.1683527636720473	0.20223240773312437	0.06301109184253596	0.10344171714925683	0.12115619877721508	0.11636810676818049	0.1028811773780751	0.20556841710819584	0.09551876759103949	0.12372775042884007	0.12708148418776846	0.18639312274828654	0.13880871710340564	0.14411993454480015	0.11773941893231207	0.12181988585037833	0.09693045970011406	0.13188726845507	0.15794069663797997	0.14873654514598045	0.11780011921168076	0.12361972858848377	0.12151776138200143	0.16156216061112366	0.17466968775423608	0.14804015344884242	0.15384311612532603
UNKGMB26	0.10261094552002833	0.12599317706133054	0.08757507686093217	0.11356559899708457	0.11877131110933971	0.17764233347556654	0.0713248931498782	0.18481720006896854	0.08268857761625319	0.0	0.1370974012709923	0.09397402786184543	0.11453667867005389	0.10294736332144418	0.13926546719798302	0.08315066309642413	0.18616668504509717	0.11890992602218499	0.11212412621501482	0.1615247629895043	0.07785240832387366	0.12771631196823005	0.12704109290889778	0.16189189393244402	0.0885667372285746	0.07285224651712996	0.11902980603689534	0.09092356656415443	0.08464918461683539	0.16769856992574084	0.06660048203615748	0.0829990810144725	0.11864005732367536	0.1595606399030235	0.11839157126569372	0.11507386186118254	0.06604456575501372	0.1069597141099393	0.07631069627992197	0.09629310387096493	0.1485037991113047	0.13892154213347463	0.08432412202813275	0.10491998974342287	0.09326149213212326	0.11654086639845926	0.12778028434883362	0.10572260184799336	0.10256153898515162
LSGMB10	0.13806408111365015	0.08480745014165214	0.13823643707564398	0.10262479532777426	0.11656687133718426	0.16327814086171427	0.12730818973130054	0.15545013160019214	0.17368848350270102	0.1370974012709923	0.0	0.17473157001850578	0.1370628629357708	0.13617180593447267	0.10219589674787131	0.12026961036652585	0.13672180307549453	0.10173432190996658	0.15310574827515686	0.11625141066289836	0.13393922745548864	0.1227029798915803	0.10589241918141512	0.10352868527034492	0.15261166992666658	0.1326486381167005	0.18219912343390987	0.1255275189749986	0.14466181269415843	0.14349867481952008	0.13265808335369184	0.1232850188117776	0.1815429928376285	0.14498125695269115	0.12490473578489081	0.11593716375144932	0.11840411241688242	0.1354905294057141	0.12196129435397159	0.09908140708533998	0.16297772856172227	0.1523801591262345	0.11049976594277544	0.12291152724081053	0.11958239011940194	0.11605065487576831	0.10774265213521596	0.09482263670211934	0.10046957666321554
UNKGMB28	0.0697777590192026	0.16429839183235645	0.1168163106977801	0.1550497259977732	0.13585671405411542	0.20353981741799484	0.07967115016332282	0.17446211447780746	0.09496177759197037	0.09397402786184543	0.17473157001850578	0.0	0.11419441346377134	0.12767972221057503	0.17800160055856468	0.12488480197721538	0.22923879659607574	0.14905291246440458	0.07618942534771786	0.20957060519242718	0.08791454719540828	0.1566454566946794	0.16058829216156606	0.19404228731798429	0.09201354991678523	0.0773240414924179	0.06077359441960565	0.10284190000901332	0.11592379369631947	0.2180341984718157	0.07566495277749676	0.11995949722980227	0.1270522952156499	0.19621769724422278	0.11926705237985849	0.13763171235098273	0.11058568779596273	0.12963387275528446	0.0753723202097531	0.12636645144306521	0.15427036161519891	0.10991767259389255	0.12405754591389695	0.10880627672512613	0.12279523441770149	0.15873233300728118	0.1772167224425288	0.15597599207464838	0.1517232904024546
RSGMB3	0.08963342122366764	0.13149268699216565	0.12786439665157148	0.1116252098472116	0.1040695393898392	0.1952430193305269	0.08773612929183316	0.1244289834462819	0.1288039599770185	0.11453667867005389	0.1370628629357708	0.11419441346377134	0.0	0.11778780827155892	0.13716738541583048	0.13403705527228496	0.20403559466722127	0.12097729404596937	0.07909289899930921	0.15884138967040387	0.09443136255872434	0.13687061587485652	0.13081522038027013	0.14333997219291275	0.11445986310724786	0.09433769909614656	0.12175981681643427	0.09659256265206445	0.14216270093126052	0.17734980964378855	0.09074076411717633	0.12273142589252814	0.14985007741833736	0.13824632616028407	0.0874132546774966	0.11314784284615023	0.12042706798754972	0.10978486093835893	0.07907633614509162	0.10970749870074478	0.14118009565230855	0.1064158258716852	0.12370846222504409	0.07044063169561109	0.13481842724117207	0.10191774957340966	0.16590517952774997	0.11953658192081515	0.1374156656351341
LFGMB1	0.10754417158638263	0.13763301154664126	0.07088927600992831	0.0912305912697993	0.0935430328442487	0.15315965497935333	0.09934057575606393	0.1769932063999948	0.1308231368024394	0.10294736332144418	0.13617180593447267	0.12767972221057503	0.11778780827155892	0.0	0.12485438221869917	0.11956695594817791	0.1659229170987871	0.1146656513306476	0.13964537669843416	0.17816614532889763	0.09675115233413101	0.11662132604070975	0.12195685189791332	0.151995587348048	0.12382634876848261	0.11272623833127361	0.15611262994039618	0.08576036151032009	0.12562608682976498	0.14506251086795643	0.09680326062726519	0.09442771494036006	0.11139348069562868	0.11169438894379002	0.12283675811346216	0.10329221202695447	0.11988301869777794	0.09218229973404855	0.09370824696447053	0.10463718745789655	0.10104539348876636	0.14852089002191513	0.1125232787644187	0.10486156219111403	0.1253560959583224	0.1045297140635664	0.11236324669352081	0.1012166781948826	0.10395802383316607
RSGMB4	0.14142888840310455	0.08821327603054854	0.13073058496476564	0.08535167263652618	0.0998182961810919	0.15773144841800904	0.12691604748510343	0.1706197592650603	0.18083557358733443	0.13926546719798302	0.10219589674787131	0.17800160055856468	0.13716738541583048	0.12485438221869917	0.0	0.12831448308197582	0.10698768358546051	0.11497521747541606	0.15587772962809612	0.12371262077163814	0.13432304609051265	0.129532385734159	0.11702440888055506	0.11506754804448488	0.1541901788916672	0.13262554087823308	0.18793381882586607	0.12939213165111704	0.1453953666687949	0.11712237158458577	0.12969523895440185	0.12096054269939523	0.17686943092024549	0.1266454947944681	0.1276277058600197	0.10439348806400182	0.1158352670538814	0.11633205788466702	0.1275359224108272	0.10178776861092616	0.14908612479269612	0.16401997865280635	0.12306878867728326	0.12400307660453042	0.12103068988355663	0.10564279907166577	0.08733367496762598	0.08050642617481527	0.07922776090965715
UNKGMB36	0.1148799124213799	0.11739277501090566	0.11670195461232803	0.11561624104426593	0.12222555668567145	0.17236890277479838	0.07895301147791049	0.18676766837384942	0.12926844391886122	0.08315066309642413	0.12026961036652585	0.12488480197721538	0.13403705527228496	0.11956695594817791	0.12831448308197582	0.0	0.16273365815650676	0.1101421177345365	0.12645797979539727	0.15102782325525044	0.07972216380169232	0.12332828555326159	0.11915571571689972	0.1593214681014512	0.10686545849701054	0.077947666289923	0.14234933313537135	0.10194434616702416	0.07743154121621187	0.16986536292621549	0.0823002502488175	0.10350095740480374	0.12911295053273122	0.17591637163805085	0.11832306368400482	0.1287135599264369	0.07012010280825628	0.1283093157299319	0.09211830622307916	0.09184057633385033	0.15391275683604416	0.14344649433076584	0.08213505789150422	0.11119971595974797	0.09728362024956161	0.13460694818629387	0.10356608872861642	0.11376954402365508	0.08926864941462875
RSGMB5	0.19874661377015979	0.13325613733333463	0.1550304949670983	0.14876149902010546	0.15805298203393964	0.16563822335105063	0.1822954172582051	0.2312871708292587	0.22210990558723007	0.18616668504509717	0.13672180307549453	0.22923879659607574	0.20403559466722127	0.1659229170987871	0.10698768358546051	0.16273365815650676	0.0	0.16311805969256063	0.22192155145495732	0.16635437890451643	0.18859635854937618	0.17854361716664044	0.16430197051134002	0.17816342988006295	0.2035356768369287	0.1903328560492165	0.2422102163016796	0.18399512305419982	0.1805371520620464	0.129551585784254	0.18401513806140732	0.16834921941902609	0.1899054992228227	0.1464225972318381	0.18991863905343087	0.16896779831382924	0.16543005833826935	0.1744062680900771	0.18447421441414288	0.16017159405724443	0.17035496799181785	0.22094674813482995	0.14614119434824394	0.19281152416831893	0.172802789925785	0.1693510265388439	0.10877780411353977	0.13419311657996638	0.1232638000467208
UNKGMB12	0.1153057564308633	0.09419775772609414	0.11889944847206678	0.08809893363479046	0.10388598646312189	0.1590260609354757	0.09899535480153275	0.15287356239463476	0.15578891011045645	0.11890992602218499	0.10173432190996658	0.14905291246440458	0.12097729404596937	0.1146656513306476	0.11497521747541606	0.1101421177345365	0.16311805969256063	0.0	0.13701972284363204	0.1277818427306893	0.10061739391473942	0.08199614598986729	0.03466870033135968	0.09377072636541621	0.13452113973092683	0.10771467812239037	0.16158045583160827	0.09694244393050196	0.12708604919901081	0.14931816377216522	0.10234909289819098	0.11246621754636171	0.16782243169575087	0.1517273844204498	0.08949187458503392	0.09785790514333263	0.11002616971564204	0.11829211016108625	0.10401659584295418	0.08564605740876365	0.13510130204138732	0.11494675315197549	0.11319021340295912	0.10475890789126092	0.10307539424821192	0.0894784102596106	0.11652558990849228	0.10443739164270105	0.10255465992449547
UNKGMB25	0.07611196738046362	0.14693498118305343	0.13247130214504832	0.13346418436327404	0.11291550528114157	0.19409565193735895	0.08167370045528154	0.13496247182194268	0.11825981316219367	0.11212412621501482	0.15310574827515686	0.07618942534771786	0.07909289899930921	0.13964537669843416	0.15587772962809612	0.12645797979539727	0.22192155145495732	0.13701972284363204	0.0	0.18024110090107792	0.09675895194040024	0.15307739667606318	0.14795452593478808	0.16489356789537196	0.09921505961318561	0.07972678459161534	0.0817626786410286	0.11429785732458773	0.1362463076130777	0.20353839129411755	0.08560731937462594	0.14350824946166302	0.1480696122500674	0.1859963057167872	0.09122436292959119	0.13828327033784354	0.11657878016231726	0.1241054789961774	0.07401924795759754	0.11292581382162209	0.15306452993257966	0.09324398818225303	0.12490873193072152	0.0803604521069677	0.12813940997538853	0.128973066093132	0.18106788753923891	0.14393412034174183	0.1566868711557862
RSGMB6	0.1726445205677114	0.11304558759262465	0.17705839722346803	0.1220402397575785	0.14348336900772682	0.1922247566771215	0.1658422626215651	0.17817915220005062	0.20125153785771108	0.1615247629895043	0.11625141066289836	0.20957060519242718	0.15884138967040387	0.17816614532889763	0.12371262077163814	0.15102782325525044	0.16635437890451643	0.1277818427306893	0.18024110090107792	0.0	0.1638605672815262	0.16363547934157296	0.1344468558793312	0.09779623968172012	0.1825485004587828	0.17116295474320387	0.2151607080043403	0.16399008118059585	0.16901114344541984	0.11362943334628262	0.16761709485352183	0.15069595931232366	0.22108509032144535	0.1721757463809866	0.1523509796557776	0.13813377054172596	0.1498460142741056	0.15495170828392277	0.16120117897051145	0.12395143262715881	0.18485962045507562	0.18287886966180314	0.13672964508325722	0.14870598391081336	0.14853705684983382	0.12814568910943042	0.14001154347029995	0.10907040494898687	0.1285425917136418
UNKGMB30	0.08552471270765492	0.11658931893987506	0.0900851159528228	0.10418923971089386	0.10183196044527554	0.1586516531566987	0.05137891045569359	0.1672312745240894	0.10952837103894286	0.07785240832387366	0.13393922745548864	0.08791454719540828	0.09443136255872434	0.09675115233413101	0.13432304609051265	0.07972216380169232	0.18859635854937618	0.10061739391473942	0.09675895194040024	0.1638605672815262	0.0	0.09694303046526546	0.11084119198219716	0.1471410498232909	0.08443582220668093	0.05633362438568969	0.1162896704756982	0.07628728742231534	0.07934072989887661	0.1778477812830865	0.054181006884150396	0.09543493372039608	0.11261915509355047	0.15944244705964425	0.0870987835870653	0.09708627573490583	0.07674427289377962	0.10679925470960043	0.06007940568565912	0.08372526210058213	0.12296548986303078	0.10674903367593629	0.09083139524718926	0.07989569135969711	0.07769206049575762	0.11570344110435511	0.12307355852733637	0.11417085734619516	0.10087145616984551
UNKGMB14	0.12693505008892655	0.11584781631328767	0.11412850655362662	0.09795954972416407	0.11679274354088934	0.14665856158342044	0.10692337883047084	0.17229805297162062	0.16549978898832424	0.12771631196823005	0.1227029798915803	0.1566454566946794	0.13687061587485652	0.11662132604070975	0.129532385734159	0.12332828555326159	0.17854361716664044	0.08199614598986729	0.15307739667606318	0.16363547934157296	0.09694303046526546	0.0	0.07996402506147308	0.1271370123679732	0.1447395529681147	0.11525780085095805	0.16916644895866406	0.1049194856448684	0.1327176365969859	0.16517834785189445	0.11266365355149889	0.11936894823425005	0.16257385629890697	0.1526051928157885	0.09341933844584745	0.10574928525070691	0.12216710871886793	0.11772795862855052	0.10978858076509691	0.10785148389690376	0.1302581382760399	0.11783699192981763	0.12490913779701235	0.11365337662320599	0.10857699630589257	0.10734676167810712	0.12232650436040246	0.1188099177193532	0.1163137944867297
UNKGMB13	0.12826968819518866	0.09740906555209426	0.13042241617592018	0.09327181856762073	0.11426822563495105	0.16457005998682364	0.10831040162958318	0.14906249822275888	0.1683527636720473	0.12704109290889778	0.10589241918141512	0.16058829216156606	0.13081522038027013	0.12195685189791332	0.11702440888055506	0.11915571571689972	0.16430197051134002	0.03466870033135968	0.14795452593478808	0.1344468558793312	0.11084119198219716	0.07996402506147308	0.0	0.09783479634620618	0.14925716518213283	0.11664056534211019	0.1730826486084765	0.10717905967929221	0.13827532339854423	0.15371388091433758	0.11143748943589185	0.11758000471542865	0.17744889462085844	0.15087995102121995	0.09133800926163198	0.10942837170224397	0.11581488730045182	0.12705834298395063	0.11662976000430285	0.0990123529810365	0.1451173493116867	0.11171401284546596	0.12605147578514483	0.11330077513171119	0.1070047875928207	0.08996542161220508	0.12008538067343984	0.11143744165132304	0.10740445343445437
UNKGMB8	0.15529153693871178	0.10402477409554904	0.15578233493775853	0.09925130705567443	0.11639558231589364	0.15788870626285956	0.14137330178673618	0.13670901076171987	0.20223240773312437	0.16189189393244402	0.10352868527034492	0.19404228731798429	0.14333997219291275	0.151995587348048	0.11506754804448488	0.1593214681014512	0.17816342988006295	0.09377072636541621	0.16489356789537196	0.09779623968172012	0.1471410498232909	0.1271370123679732	0.09783479634620618	0.0	0.1786171439388029	0.14995580744959278	0.20129613812990005	0.1405902844639628	0.17686749043585345	0.12765764399033824	0.14766572292330057	0.14501614534779306	0.2099325332652531	0.13757106202711547	0.12540899741696682	0.11998399023768347	0.15242082151532624	0.13428358684959082	0.1394056896792876	0.1125975222310054	0.15772588650816693	0.1622593930846419	0.1467083349553268	0.13132568057888697	0.1331929891856133	0.09734831346317421	0.13471058455300083	0.113345762333717	0.1275721439051781
UNKGMB21	0.10841630750527007	0.14294412794659647	0.1096293510482106	0.1302315948916863	0.12338679489180347	0.1887563620436684	0.08678551576249059	0.18026513396175067	0.06301109184253596	0.0885667372285746	0.15261166992666658	0.09201354991678523	0.11445986310724786	0.12382634876848261	0.1541901788916672	0.10686545849701054	0.2035356768369287	0.13452113973092683	0.09921505961318561	0.1825485004587828	0.08443582220668093	0.1447395529681147	0.14925716518213283	0.1786171439388029	0.0	0.08413678910137538	0.12036688142152854	0.1022738117818723	0.07738840573487257	0.18806722515679267	0.08198085912482991	0.12069529529417196	0.13284464166729637	0.17647550607547918	0.10792170894419895	0.12280662720605034	0.10375352766696938	0.12189280578321052	0.07933587726515269	0.10454340626167043	0.14977873077448434	0.13272514773967156	0.09818767216925854	0.09694403001940792	0.09623814476069849	0.1446743247169327	0.1583362330073248	0.13422798830108476	0.1382769246817844
LSGMB14	0.07732828974685417	0.12262390560766225	0.09875892051604371	0.11712476586571112	0.10621632699844553	0.16813876365667055	0.029033926321283897	0.15735794024536315	0.10344171714925683	0.07285224651712996	0.1326486381167005	0.0773240414924179	0.09433769909614656	0.11272623833127361	0.13262554087823308	0.077947666289923	0.1903328560492165	0.10771467812239037	0.07972678459161534	0.17116295474320387	0.05633362438568969	0.11525780085095805	0.11664056534211019	0.14995580744959278	0.08413678910137538	0.0	0.09583503288752221	0.07773366304107901	0.0891694402302706	0.181019203820336	0.03579802638176923	0.1012277313833277	0.11102425197479411	0.17117767402988449	0.08693549942627064	0.1152314526368541	0.06695917514226775	0.11214604150514693	0.04328217788040701	0.09406130490999202	0.12828770080885527	0.1053704679137713	0.09614875778340905	0.08293851088717256	0.0812223780092178	0.12186460166205172	0.13114459629693304	0.12642011429391756	0.10656912605501
LSGMB11	0.08524679312569147	0.17890656100460625	0.141781106615208	0.16799997974985711	0.15106903060541046	0.2106447496945758	0.09925846623931128	0.17823866919662532	0.12115619877721508	0.11902980603689534	0.18219912343390987	0.06077359441960565	0.12175981681643427	0.15611262994039618	0.18793381882586607	0.14234933313537135	0.2422102163016796	0.16158045583160827	0.0817626786410286	0.2151607080043403	0.1162896704756982	0.16916644895866406	0.1730826486084765	0.20129613812990005	0.12036688142152854	0.09583503288752221	0.0	0.12064942161308283	0.1468152298303768	0.2324036482031024	0.10067788230526	0.14997589928826363	0.15466596144772646	0.2137703412133743	0.1316742710756268	0.1568324980829965	0.13187399431937583	0.141728477619539	0.0930723284323563	0.13985132091873065	0.16297405962903636	0.11817931321416798	0.144843227631508	0.12301996109031733	0.14599747725422554	0.16831191106445773	0.19572165837450817	0.16437759641477667	0.17156816903274835
UNKGMB34	0.07809767084263182	0.11933424077614913	0.1048942978412551	0.10542558664981838	0.10278229930382841	0.17313424110942421	0.06545667533237343	0.16263360329594886	0.11636810676818049	0.09092356656415443	0.1255275189749986	0.10284190000901332	0.09659256265206445	0.08576036151032009	0.12939213165111704	0.10194434616702416	0.18399512305419982	0.09694244393050196	0.11429785732458773	0.16399008118059585	0.07628728742231534	0.1049194856448684	0.10717905967929221	0.1405902844639628	0.1022738117818723	0.07773366304107901	0.12064942161308283	0.0	0.10307463939370493	0.16365009745742934	0.06401516375113273	0.08028733350033374	0.11653412047848666	0.15594944437606723	0.10379668676963108	0.08677418340219245	0.09675769767602292	0.10861517694062921	0.0650866976117998	0.08128383648043129	0.11324120925596626	0.11758004455245029	0.10202176495214826	0.09392196469855411	0.11061706512608957	0.1114043474604593	0.13048799472773487	0.1046917754591535	0.1071751202170143
UNKGMB20	0.1288719100757177	0.12405944489351153	0.11600190038139661	0.1273741105370972	0.13719421733770018	0.17803508869008006	0.08689446526617423	0.20372438182322333	0.1028811773780751	0.08464918461683539	0.14466181269415843	0.11592379369631947	0.14216270093126052	0.12562608682976498	0.1453953666687949	0.07743154121621187	0.1805371520620464	0.12708604919901081	0.1362463076130777	0.16901114344541984	0.07934072989887661	0.1327176365969859	0.13827532339854423	0.17686749043585345	0.07738840573487257	0.0891694402302706	0.1468152298303768	0.10307463939370493	0.0	0.18483545248088254	0.0838684288947676	0.10947420838290109	0.13002726277118754	0.18288072029809319	0.12468499049379621	0.12566572950804775	0.08953359761121515	0.1361959736749745	0.1006891360548603	0.10824292242497038	0.15740623512261306	0.14985862299768127	0.08303666627768597	0.12162172458256709	0.085840055534099	0.15021885947277633	0.12473238568371704	0.12615281139838266	0.11023815602719439
RSGMB7	0.182944075682439	0.15225146294460054	0.14155718287909538	0.12061788588584388	0.13099005194033114	0.15260451025395486	0.1759815185378673	0.21138407711246748	0.20556841710819584	0.16769856992574084	0.14349867481952008	0.2180341984718157	0.17734980964378855	0.14506251086795643	0.11712237158458577	0.16986536292621549	0.129551585784254	0.14931816377216522	0.20353839129411755	0.11362943334628262	0.1778477812830865	0.16517834785189445	0.15371388091433758	0.12765764399033824	0.18806722515679267	0.181019203820336	0.2324036482031024	0.16365009745742934	0.18483545248088254	0.0	0.1760929455772641	0.14824576635959946	0.17391611798263173	0.09951676956082443	0.17865010461365713	0.14832072270030244	0.15663248798175514	0.14652546083850312	0.17060483869077894	0.13926411557931043	0.14933847629235808	0.21881112235952926	0.15665873542808842	0.16477568909861087	0.166454958534214	0.12524280865705198	0.11795018736430522	0.11500124794691657	0.12326523830003254
LSGMB15	0.07281992319886087	0.11912017938408663	0.09049452757700466	0.10948496690206476	0.10608018332401334	0.1659087891441327	0.020984818579459316	0.16311379747648022	0.09551876759103949	0.06660048203615748	0.13265808335369184	0.07566495277749676	0.09074076411717633	0.09680326062726519	0.12969523895440185	0.0823002502488175	0.18401513806140732	0.10234909289819098	0.08560731937462594	0.16761709485352183	0.054181006884150396	0.11266365355149889	0.11143748943589185	0.14766572292330057	0.08198085912482991	0.03579802638176923	0.10067788230526	0.06401516375113273	0.0838684288947676	0.1760929455772641	0.0	0.08447661814651768	0.10522825289562042	0.1601432592958411	0.08994996421168491	0.09840111522545635	0.06721251029967512	0.10040092734426705	0.0358018695247015	0.0901322180911012	0.12209498596718113	0.10955246339319867	0.08931665501378375	0.08689609889654053	0.08752984050359292	0.11690090728208966	0.12869935761202503	0.11304286644591768	0.10403533255872856
UNKGMB27	0.11073912162847803	0.11375496745692769	0.09830706184326882	0.11085543580281242	0.11991058864217585	0.17615029389449927	0.08870948308785973	0.1962020054613332	0.12372775042884007	0.0829990810144725	0.1232850188117776	0.11995949722980227	0.12273142589252814	0.09442771494036006	0.12096054269939523	0.10350095740480374	0.16834921941902609	0.11246621754636171	0.14350824946166302	0.15069595931232366	0.09543493372039608	0.11936894823425005	0.11758000471542865	0.14501614534779306	0.12069529529417196	0.1012277313833277	0.14997589928826363	0.08028733350033374	0.10947420838290109	0.14824576635959946	0.08447661814651768	0.0	0.12963395963877553	0.14071545528684112	0.1294433999207556	0.08732072001464918	0.07606757304724722	0.11233972088993395	0.09453767819247452	0.08612220575564719	0.15028727217237095	0.14896919982528775	0.0958356868087037	0.11120072422904433	0.10072854850307499	0.1290510587926932	0.11347900969586085	0.09432253492899562	0.09085672725736917
UNKGMB29	0.12355774041986302	0.18450387286125083	0.10631295231077502	0.1571743339161279	0.13457193143515955	0.1275018306175869	0.1055927785989584	0.21229016035456133	0.12708148418776846	0.11864005732367536	0.1815429928376285	0.1270522952156499	0.14985007741833736	0.11139348069562868	0.17686943092024549	0.12911295053273122	0.1899054992228227	0.16782243169575087	0.1480696122500674	0.22108509032144535	0.11261915509355047	0.16257385629890697	0.17744889462085844	0.2099325332652531	0.13284464166729637	0.11102425197479411	0.15466596144772646	0.11653412047848666	0.13002726277118754	0.17391611798263173	0.10522825289562042	0.12963395963877553	0.0	0.1418189319688445	0.15643339844328882	0.15378473405532306	0.13081641390258236	0.13201226065525382	0.11373092458454123	0.1430613476815453	0.12146749167524762	0.16805016684305646	0.13935444850753553	0.13921439082458872	0.14902190136974877	0.17136887186392324	0.14805581604258147	0.15419428803953317	0.1393687996180042
RSGMB1	0.17109810023228977	0.15453766763329388	0.10903738474475509	0.10677860262116491	0.1134358072722831	0.12871963901443056	0.16040114561294522	0.19269484845620805	0.18639312274828654	0.1595606399030235	0.14498125695269115	0.19621769724422278	0.13824632616028407	0.11169438894379002	0.1266454947944681	0.17591637163805085	0.1464225972318381	0.1517273844204498	0.1859963057167872	0.1721757463809866	0.15944244705964425	0.1526051928157885	0.15087995102121995	0.13757106202711547	0.17647550607547918	0.17117767402988449	0.2137703412133743	0.15594944437606723	0.18288072029809319	0.09951676956082443	0.1601432592958411	0.14071545528684112	0.1418189319688445	0.0	0.1589456625447273	0.12514933375666698	0.16355879630850892	0.11772219195314854	0.15216959443556757	0.14028657847758108	0.12517266546872466	0.2019183947915786	0.14938976669685622	0.14411354623757955	0.16035597907445864	0.11301661403661001	0.12896371456866967	0.10965854666163224	0.13057309563507222
LSGMB13	0.09848754804706022	0.1069702279880695	0.11578698729935584	0.10745279077932826	0.09473116679116554	0.1719561382834315	0.08493912652457938	0.13045006968468165	0.13880871710340564	0.11839157126569372	0.12490473578489081	0.11926705237985849	0.0874132546774966	0.12283675811346216	0.1276277058600197	0.11832306368400482	0.18991863905343087	0.08949187458503392	0.09122436292959119	0.1523509796557776	0.0870987835870653	0.09341933844584745	0.09133800926163198	0.12540899741696682	0.10792170894419895	0.08693549942627064	0.1316742710756268	0.10379668676963108	0.12468499049379621	0.17865010461365713	0.08994996421168491	0.1294433999207556	0.15643339844328882	0.1589456625447273	0.0	0.10509684002141619	0.11167761135316424	0.10260426740039899	0.07938061033090567	0.09233184548600004	0.13926348477300698	0.07687562900242395	0.1140932638463634	0.06426398550075742	0.10149079043839285	0.10138741696191798	0.1492068023346025	0.12055707055929742	0.13128948310551633
LSGMB20	0.11859043814330678	0.10727493146337685	0.11050780814671532	0.08680035570278959	0.10014279092725503	0.15567538211779483	0.10152345354723409	0.17344318816678583	0.14411993454480015	0.11507386186118254	0.11593716375144932	0.13763171235098273	0.11314784284615023	0.10329221202695447	0.10439348806400182	0.1287135599264369	0.16896779831382924	0.09785790514333263	0.13828327033784354	0.13813377054172596	0.09708627573490583	0.10574928525070691	0.10942837170224397	0.11998399023768347	0.12280662720605034	0.1152314526368541	0.1568324980829965	0.08677418340219245	0.12566572950804775	0.14832072270030244	0.09840111522545635	0.08732072001464918	0.15378473405532306	0.12514933375666698	0.10509684002141619	0.0	0.10431380275500078	0.09553512190170599	0.09597750850471759	0.0756698522213708	0.11949292513657783	0.1346476940458342	0.10285713419537587	0.09697809064534899	0.10135496280224082	0.10921423520556585	0.11749615341467441	0.08133095728198446	0.09857239032510726
UNKGMB33	0.1080312202278901	0.10442728347285539	0.10568114693205584	0.10954901685437538	0.12108955761940442	0.16958776228437678	0.06875278950202307	0.18888026870361635	0.11773941893231207	0.06604456575501372	0.11840411241688242	0.11058568779596273	0.12042706798754972	0.11988301869777794	0.1158352670538814	0.07012010280825628	0.16543005833826935	0.11002616971564204	0.11657878016231726	0.1498460142741056	0.07674427289377962	0.12216710871886793	0.11581488730045182	0.15242082151532624	0.10375352766696938	0.06695917514226775	0.13187399431937583	0.09675769767602292	0.08953359761121515	0.15663248798175514	0.06721251029967512	0.07606757304724722	0.13081641390258236	0.16355879630850892	0.11167761135316424	0.10431380275500078	0.0	0.11561362862920785	0.0754570592575728	0.08498851723785553	0.1549257991400463	0.13436419882109066	0.07937104519046077	0.10126573244506167	0.07738895003481895	0.13215750393182982	0.10675017969177263	0.10141745490498856	0.08070489223390542
LSGMB1	0.12176292784221211	0.1279887945998099	0.08125612876146249	0.0854910473403283	0.09078161350554245	0.1485302120455555	0.10293013881191591	0.16962319395300202	0.12181988585037833	0.1069597141099393	0.1354905294057141	0.12963387275528446	0.10978486093835893	0.09218229973404855	0.11633205788466702	0.1283093157299319	0.1744062680900771	0.11829211016108625	0.1241054789961774	0.15495170828392277	0.10679925470960043	0.11772795862855052	0.12705834298395063	0.13428358684959082	0.12189280578321052	0.11214604150514693	0.141728477619539	0.10861517694062921	0.1361959736749745	0.14652546083850312	0.10040092734426705	0.11233972088993395	0.13201226065525382	0.11772219195314854	0.10260426740039899	0.09553512190170599	0.11561362862920785	0.0	0.09299730338204008	0.1085121683991583	0.10492292820764389	0.146491727130928	0.11401316199298525	0.09159927973635414	0.11545789182064028	0.09363802833114035	0.13114707801843298	0.08718645576667217	0.11335045729295794
LSGMB17	0.06560981085149163	0.11397870460853932	0.09025039251513592	0.10433387681407037	0.09690554981251834	0.15678472955577386	0.03653636340412355	0.14909312761212862	0.09693045970011406	0.07631069627992197	0.12196129435397159	0.0753723202097531	0.07907633614509162	0.09370824696447053	0.1275359224108272	0.09211830622307916	0.18447421441414288	0.10401659584295418	0.07401924795759754	0.16120117897051145	0.06007940568565912	0.10978858076509691	0.11662976000430285	0.1394056896792876	0.07933587726515269	0.04328217788040701	0.0930723284323563	0.0650866976117998	0.1006891360548603	0.17060483869077894	0.0358018695247015	0.09453767819247452	0.11373092458454123	0.15216959443556757	0.07938061033090567	0.09597750850471759	0.0754570592575728	0.09299730338204008	0.0	0.08577196201862416	0.1162950964444858	0.10637691766802722	0.08349248171875714	0.06967863770471733	0.09497205198386864	0.10620040110105124	0.13481712343841443	0.10845538802246864	0.11238444628489962
UNKGMB35	0.0967968888856081	0.09041504020969097	0.10970730660086511	0.08574630791322194	0.0925946440174961	0.15210013468087982	0.08704375785330222	0.1648435334038659	0.13188726845507	0.09629310387096493	0.09908140708533998	0.12636645144306521	0.10970749870074478	0.10463718745789655	0.10178776861092616	0.09184057633385033	0.16017159405724443	0.08564605740876365	0.11292581382162209	0.12395143262715881	0.08372526210058213	0.10785148389690376	0.0990123529810365	0.1125975222310054	0.10454340626167043	0.09406130490999202	0.13985132091873065	0.08128383648043129	0.10824292242497038	0.13926411557931043	0.0901322180911012	0.08612220575564719	0.1430613476815453	0.14028657847758108	0.09233184548600004	0.0756698522213708	0.08498851723785553	0.1085121683991583	0.08577196201862416	0.0	0.1426152321555873	0.12882899149312163	0.08003765583924875	0.0871964758466977	0.09044532978887124	0.10549219289091247	0.10983641577258908	0.08394522249092622	0.08986175048729315
LSGMB19	0.13040596783215816	0.15973326528817458	0.10640539621456735	0.10889886411721175	0.11319814338223766	0.12709007977527387	0.12303276951843707	0.18534620755645662	0.15794069663797997	0.1485037991113047	0.16297772856172227	0.15427036161519891	0.14118009565230855	0.10104539348876636	0.14908612479269612	0.15391275683604416	0.17035496799181785	0.13510130204138732	0.15306452993257966	0.18485962045507562	0.12296548986303078	0.1302581382760399	0.1451173493116867	0.15772588650816693	0.14977873077448434	0.12828770080885527	0.16297405962903636	0.11324120925596626	0.15740623512261306	0.14933847629235808	0.12209498596718113	0.15028727217237095	0.12146749167524762	0.12517266546872466	0.13926348477300698	0.11949292513657783	0.1549257991400463	0.10492292820764389	0.1162950964444858	0.1426152321555873	0.0	0.16053835235483133	0.1538481556430967	0.13421269635901564	0.15015212050980983	0.12741669447753268	0.13602482476145458	0.12585062636120747	0.136555744686904
